3.094000000000000000e+03 3.095000000000000000e+03 3.096000000000000000e+03 3.097000000000000000e+03 3.098000000000000000e+03 3.099000000000000000e+03 3.100000000000000000e+03 3.101000000000000000e+03 3.102000000000000000e+03 3.104000000000000000e+03
4.094000000000000000e+03 4.095000000000000000e+03 4.096000000000000000e+03 4.097000000000000000e+03 4.098000000000000000e+03 4.099000000000000000e+03 4.100000000000000000e+03 4.101000000000000000e+03 4.102000000000000000e+03 4.104000000000000000e+03
5.094000000000000000e+03 5.095000000000000000e+03 5.096000000000000000e+03 5.097000000000000000e+03 5.098000000000000000e+03 5.099000000000000000e+03 5.100000000000000000e+03 5.101000000000000000e+03 5.102000000000000000e+03 5.104000000000000000e+03
6.094000000000000000e+03 6.095000000000000000e+03 6.096000000000000000e+03 6.097000000000000000e+03 6.098000000000000000e+03 6.099000000000000000e+03 6.100000000000000000e+03 6.101000000000000000e+03 6.102000000000000000e+03 6.104000000000000000e+03
7.094000000000000000e+03 7.095000000000000000e+03 7.096000000000000000e+03 7.097000000000000000e+03 7.098000000000000000e+03 7.099000000000000000e+03 7.100000000000000000e+03 7.101000000000000000e+03 7.102000000000000000e+03 7.104000000000000000e+03
8.094000000000000000e+03 8.095000000000000000e+03 8.096000000000000000e+03 8.097000000000000000e+03 8.098000000000000000e+03 8.099000000000000000e+03 8.100000000000000000e+03 8.101000000000000000e+03 8.102000000000000000e+03 8.104000000000000000e+03
9.094000000000000000e+03 9.095000000000000000e+03 9.096000000000000000e+03 9.097000000000000000e+03 9.098000000000000000e+03 9.099000000000000000e+03 9.100000000000000000e+03 9.101000000000000000e+03 9.102000000000000000e+03 9.104000000000000000e+03
1.009400000000000000e+04 1.009500000000000000e+04 1.009600000000000000e+04 1.009700000000000000e+04 1.009800000000000000e+04 1.009900000000000000e+04 1.010000000000000000e+04 1.010100000000000000e+04 1.010200000000000000e+04 1.010400000000000000e+04
1.109400000000000000e+04 1.109500000000000000e+04 1.109600000000000000e+04 1.109700000000000000e+04 1.109800000000000000e+04 1.109900000000000000e+04 1.110000000000000000e+04 1.110100000000000000e+04 1.110200000000000000e+04 1.110400000000000000e+04
1.209400000000000000e+04 1.209500000000000000e+04 1.209600000000000000e+04 1.209700000000000000e+04 1.209800000000000000e+04 1.209900000000000000e+04 1.210000000000000000e+04 1.210100000000000000e+04 1.210200000000000000e+04 1.210400000000000000e+04
