1.303400000000000000e+04 1.303500000000000000e+04 1.303600000000000000e+04 1.303700000000000000e+04 1.303800000000000000e+04 1.303900000000000000e+04 1.304000000000000000e+04 1.304100000000000000e+04 1.304200000000000000e+04 1.304300000000000000e+04
1.403400000000000000e+04 1.403500000000000000e+04 1.403600000000000000e+04 1.403700000000000000e+04 1.403800000000000000e+04 1.403900000000000000e+04 1.404000000000000000e+04 1.404100000000000000e+04 1.404200000000000000e+04 1.404300000000000000e+04
1.503400000000000000e+04 1.503500000000000000e+04 1.503600000000000000e+04 1.503700000000000000e+04 1.503800000000000000e+04 1.503900000000000000e+04 1.504000000000000000e+04 1.504100000000000000e+04 1.504200000000000000e+04 1.504300000000000000e+04
1.603400000000000000e+04 1.603500000000000000e+04 1.603600000000000000e+04 1.603700000000000000e+04 1.603800000000000000e+04 1.603900000000000000e+04 1.604000000000000000e+04 1.604100000000000000e+04 1.604200000000000000e+04 1.604300000000000000e+04
1.703400000000000000e+04 1.703500000000000000e+04 1.703600000000000000e+04 1.703700000000000000e+04 1.703800000000000000e+04 1.703900000000000000e+04 1.704000000000000000e+04 1.704100000000000000e+04 1.704200000000000000e+04 1.704300000000000000e+04
1.803400000000000000e+04 1.803500000000000000e+04 1.803600000000000000e+04 1.803700000000000000e+04 1.803800000000000000e+04 1.803900000000000000e+04 1.804000000000000000e+04 1.804100000000000000e+04 1.804200000000000000e+04 1.804300000000000000e+04
1.903400000000000000e+04 1.903500000000000000e+04 1.903600000000000000e+04 1.903700000000000000e+04 1.903800000000000000e+04 1.903900000000000000e+04 1.904000000000000000e+04 1.904100000000000000e+04 1.904200000000000000e+04 1.904300000000000000e+04
2.003400000000000000e+04 2.003500000000000000e+04 2.003600000000000000e+04 2.003700000000000000e+04 2.003800000000000000e+04 2.003900000000000000e+04 2.004000000000000000e+04 2.004100000000000000e+04 2.004200000000000000e+04 2.004300000000000000e+04
2.103400000000000000e+04 2.103500000000000000e+04 2.103600000000000000e+04 2.103700000000000000e+04 2.103800000000000000e+04 2.103900000000000000e+04 2.104000000000000000e+04 2.104100000000000000e+04 2.104200000000000000e+04 2.104300000000000000e+04
2.203400000000000000e+04 2.203500000000000000e+04 2.203600000000000000e+04 2.203700000000000000e+04 2.203800000000000000e+04 2.203900000000000000e+04 2.204000000000000000e+04 2.204100000000000000e+04 2.204200000000000000e+04 2.204300000000000000e+04
