3.064000000000000000e+03 3.065000000000000000e+03 3.066000000000000000e+03 3.067000000000000000e+03 3.068000000000000000e+03 3.069000000000000000e+03 3.070000000000000000e+03 3.071000000000000000e+03 3.072000000000000000e+03 3.073000000000000000e+03
4.064000000000000000e+03 4.065000000000000000e+03 4.066000000000000000e+03 4.067000000000000000e+03 4.068000000000000000e+03 4.069000000000000000e+03 4.070000000000000000e+03 4.071000000000000000e+03 4.072000000000000000e+03 4.073000000000000000e+03
5.064000000000000000e+03 5.065000000000000000e+03 5.066000000000000000e+03 5.067000000000000000e+03 5.068000000000000000e+03 5.069000000000000000e+03 5.070000000000000000e+03 5.071000000000000000e+03 5.072000000000000000e+03 5.073000000000000000e+03
6.064000000000000000e+03 6.065000000000000000e+03 6.066000000000000000e+03 6.067000000000000000e+03 6.068000000000000000e+03 6.069000000000000000e+03 6.070000000000000000e+03 6.071000000000000000e+03 6.072000000000000000e+03 6.073000000000000000e+03
7.064000000000000000e+03 7.065000000000000000e+03 7.066000000000000000e+03 7.067000000000000000e+03 7.068000000000000000e+03 7.069000000000000000e+03 7.070000000000000000e+03 7.071000000000000000e+03 7.072000000000000000e+03 7.073000000000000000e+03
8.064000000000000000e+03 8.065000000000000000e+03 8.066000000000000000e+03 8.067000000000000000e+03 8.068000000000000000e+03 8.069000000000000000e+03 8.070000000000000000e+03 8.071000000000000000e+03 8.072000000000000000e+03 8.073000000000000000e+03
9.064000000000000000e+03 9.065000000000000000e+03 9.066000000000000000e+03 9.067000000000000000e+03 9.068000000000000000e+03 9.069000000000000000e+03 9.070000000000000000e+03 9.071000000000000000e+03 9.072000000000000000e+03 9.073000000000000000e+03
1.006400000000000000e+04 1.006500000000000000e+04 1.006600000000000000e+04 1.006700000000000000e+04 1.006800000000000000e+04 1.006900000000000000e+04 1.007000000000000000e+04 1.007100000000000000e+04 1.007200000000000000e+04 1.007300000000000000e+04
1.106400000000000000e+04 1.106500000000000000e+04 1.106600000000000000e+04 1.106700000000000000e+04 1.106800000000000000e+04 1.106900000000000000e+04 1.107000000000000000e+04 1.107100000000000000e+04 1.107200000000000000e+04 1.107300000000000000e+04
1.206400000000000000e+04 1.206500000000000000e+04 1.206600000000000000e+04 1.206700000000000000e+04 1.206800000000000000e+04 1.206900000000000000e+04 1.207000000000000000e+04 1.207100000000000000e+04 1.207200000000000000e+04 1.207300000000000000e+04
