1.309400000000000000e+04 1.309500000000000000e+04 1.309600000000000000e+04 1.309700000000000000e+04 1.309800000000000000e+04 1.309900000000000000e+04 1.310000000000000000e+04 1.310100000000000000e+04 1.310200000000000000e+04 1.310400000000000000e+04
1.409400000000000000e+04 1.409500000000000000e+04 1.409600000000000000e+04 1.409700000000000000e+04 1.409800000000000000e+04 1.409900000000000000e+04 1.410000000000000000e+04 1.410100000000000000e+04 1.410200000000000000e+04 1.410400000000000000e+04
1.509400000000000000e+04 1.509500000000000000e+04 1.509600000000000000e+04 1.509700000000000000e+04 1.509800000000000000e+04 1.509900000000000000e+04 1.510000000000000000e+04 1.510100000000000000e+04 1.510200000000000000e+04 1.510400000000000000e+04
1.609400000000000000e+04 1.609500000000000000e+04 1.609600000000000000e+04 1.609700000000000000e+04 1.609800000000000000e+04 1.609900000000000000e+04 1.610000000000000000e+04 1.610100000000000000e+04 1.610200000000000000e+04 1.610400000000000000e+04
1.709400000000000000e+04 1.709500000000000000e+04 1.709600000000000000e+04 1.709700000000000000e+04 1.709800000000000000e+04 1.709900000000000000e+04 1.710000000000000000e+04 1.710100000000000000e+04 1.710200000000000000e+04 1.710400000000000000e+04
1.809400000000000000e+04 1.809500000000000000e+04 1.809600000000000000e+04 1.809700000000000000e+04 1.809800000000000000e+04 1.809900000000000000e+04 1.810000000000000000e+04 1.810100000000000000e+04 1.810200000000000000e+04 1.810400000000000000e+04
1.909400000000000000e+04 1.909500000000000000e+04 1.909600000000000000e+04 1.909700000000000000e+04 1.909800000000000000e+04 1.909900000000000000e+04 1.910000000000000000e+04 1.910100000000000000e+04 1.910200000000000000e+04 1.910400000000000000e+04
2.009400000000000000e+04 2.009500000000000000e+04 2.009600000000000000e+04 2.009700000000000000e+04 2.009800000000000000e+04 2.009900000000000000e+04 2.010000000000000000e+04 2.010100000000000000e+04 2.010200000000000000e+04 2.010400000000000000e+04
2.109400000000000000e+04 2.109500000000000000e+04 2.109600000000000000e+04 2.109700000000000000e+04 2.109800000000000000e+04 2.109900000000000000e+04 2.110000000000000000e+04 2.110100000000000000e+04 2.110200000000000000e+04 2.110400000000000000e+04
2.209400000000000000e+04 2.209500000000000000e+04 2.209600000000000000e+04 2.209700000000000000e+04 2.209800000000000000e+04 2.209900000000000000e+04 2.210000000000000000e+04 2.210100000000000000e+04 2.210200000000000000e+04 2.210400000000000000e+04
