1.307400000000000000e+04 1.307500000000000000e+04 1.307600000000000000e+04 1.307700000000000000e+04 1.307800000000000000e+04 1.307900000000000000e+04 1.308000000000000000e+04 1.308100000000000000e+04 1.308200000000000000e+04 1.308300000000000000e+04
1.407400000000000000e+04 1.407500000000000000e+04 1.407600000000000000e+04 1.407700000000000000e+04 1.407800000000000000e+04 1.407900000000000000e+04 1.408000000000000000e+04 1.408100000000000000e+04 1.408200000000000000e+04 1.408300000000000000e+04
1.507400000000000000e+04 1.507500000000000000e+04 1.507600000000000000e+04 1.507700000000000000e+04 1.507800000000000000e+04 1.507900000000000000e+04 1.508000000000000000e+04 1.508100000000000000e+04 1.508200000000000000e+04 1.508300000000000000e+04
1.607400000000000000e+04 1.607500000000000000e+04 1.607600000000000000e+04 1.607700000000000000e+04 1.607800000000000000e+04 1.607900000000000000e+04 1.608000000000000000e+04 1.608100000000000000e+04 1.608200000000000000e+04 1.608300000000000000e+04
1.707400000000000000e+04 1.707500000000000000e+04 1.707600000000000000e+04 1.707700000000000000e+04 1.707800000000000000e+04 1.707900000000000000e+04 1.708000000000000000e+04 1.708100000000000000e+04 1.708200000000000000e+04 1.708300000000000000e+04
1.807400000000000000e+04 1.807500000000000000e+04 1.807600000000000000e+04 1.807700000000000000e+04 1.807800000000000000e+04 1.807900000000000000e+04 1.808000000000000000e+04 1.808100000000000000e+04 1.808200000000000000e+04 1.808300000000000000e+04
1.907400000000000000e+04 1.907500000000000000e+04 1.907600000000000000e+04 1.907700000000000000e+04 1.907800000000000000e+04 1.907900000000000000e+04 1.908000000000000000e+04 1.908100000000000000e+04 1.908200000000000000e+04 1.908300000000000000e+04
2.007400000000000000e+04 2.007500000000000000e+04 2.007600000000000000e+04 2.007700000000000000e+04 2.007800000000000000e+04 2.007900000000000000e+04 2.008000000000000000e+04 2.008100000000000000e+04 2.008200000000000000e+04 2.008300000000000000e+04
2.107400000000000000e+04 2.107500000000000000e+04 2.107600000000000000e+04 2.107700000000000000e+04 2.107800000000000000e+04 2.107900000000000000e+04 2.108000000000000000e+04 2.108100000000000000e+04 2.108200000000000000e+04 2.108300000000000000e+04
2.207400000000000000e+04 2.207500000000000000e+04 2.207600000000000000e+04 2.207700000000000000e+04 2.207800000000000000e+04 2.207900000000000000e+04 2.208000000000000000e+04 2.208100000000000000e+04 2.208200000000000000e+04 2.208300000000000000e+04
