1.304400000000000000e+04 1.304500000000000000e+04 1.304600000000000000e+04 1.304700000000000000e+04 1.304800000000000000e+04 1.304900000000000000e+04 1.305000000000000000e+04 1.305100000000000000e+04 1.305200000000000000e+04 1.305300000000000000e+04
1.404400000000000000e+04 1.404500000000000000e+04 1.404600000000000000e+04 1.404700000000000000e+04 1.404800000000000000e+04 1.404900000000000000e+04 1.405000000000000000e+04 1.405100000000000000e+04 1.405200000000000000e+04 1.405300000000000000e+04
1.504400000000000000e+04 1.504500000000000000e+04 1.504600000000000000e+04 1.504700000000000000e+04 1.504800000000000000e+04 1.504900000000000000e+04 1.505000000000000000e+04 1.505100000000000000e+04 1.505200000000000000e+04 1.505300000000000000e+04
1.604400000000000000e+04 1.604500000000000000e+04 1.604600000000000000e+04 1.604700000000000000e+04 1.604800000000000000e+04 1.604900000000000000e+04 1.605000000000000000e+04 1.605100000000000000e+04 1.605200000000000000e+04 1.605300000000000000e+04
1.704400000000000000e+04 1.704500000000000000e+04 1.704600000000000000e+04 1.704700000000000000e+04 1.704800000000000000e+04 1.704900000000000000e+04 1.705000000000000000e+04 1.705100000000000000e+04 1.705200000000000000e+04 1.705300000000000000e+04
1.804400000000000000e+04 1.804500000000000000e+04 1.804600000000000000e+04 1.804700000000000000e+04 1.804800000000000000e+04 1.804900000000000000e+04 1.805000000000000000e+04 1.805100000000000000e+04 1.805200000000000000e+04 1.805300000000000000e+04
1.904400000000000000e+04 1.904500000000000000e+04 1.904600000000000000e+04 1.904700000000000000e+04 1.904800000000000000e+04 1.904900000000000000e+04 1.905000000000000000e+04 1.905100000000000000e+04 1.905200000000000000e+04 1.905300000000000000e+04
2.004400000000000000e+04 2.004500000000000000e+04 2.004600000000000000e+04 2.004700000000000000e+04 2.004800000000000000e+04 2.004900000000000000e+04 2.005000000000000000e+04 2.005100000000000000e+04 2.005200000000000000e+04 2.005300000000000000e+04
2.104400000000000000e+04 2.104500000000000000e+04 2.104600000000000000e+04 2.104700000000000000e+04 2.104800000000000000e+04 2.104900000000000000e+04 2.105000000000000000e+04 2.105100000000000000e+04 2.105200000000000000e+04 2.105300000000000000e+04
2.204400000000000000e+04 2.204500000000000000e+04 2.204600000000000000e+04 2.204700000000000000e+04 2.204800000000000000e+04 2.204900000000000000e+04 2.205000000000000000e+04 2.205100000000000000e+04 2.205200000000000000e+04 2.205300000000000000e+04
