3.084000000000000000e+03 3.085000000000000000e+03 3.086000000000000000e+03 3.087000000000000000e+03 3.088000000000000000e+03 3.089000000000000000e+03 3.090000000000000000e+03 3.091000000000000000e+03 3.092000000000000000e+03 3.093000000000000000e+03
4.084000000000000000e+03 4.085000000000000000e+03 4.086000000000000000e+03 4.087000000000000000e+03 4.088000000000000000e+03 4.089000000000000000e+03 4.090000000000000000e+03 4.091000000000000000e+03 4.092000000000000000e+03 4.093000000000000000e+03
5.084000000000000000e+03 5.085000000000000000e+03 5.086000000000000000e+03 5.087000000000000000e+03 5.088000000000000000e+03 5.089000000000000000e+03 5.090000000000000000e+03 5.091000000000000000e+03 5.092000000000000000e+03 5.093000000000000000e+03
6.084000000000000000e+03 6.085000000000000000e+03 6.086000000000000000e+03 6.087000000000000000e+03 6.088000000000000000e+03 6.089000000000000000e+03 6.090000000000000000e+03 6.091000000000000000e+03 6.092000000000000000e+03 6.093000000000000000e+03
7.084000000000000000e+03 7.085000000000000000e+03 7.086000000000000000e+03 7.087000000000000000e+03 7.088000000000000000e+03 7.089000000000000000e+03 7.090000000000000000e+03 7.091000000000000000e+03 7.092000000000000000e+03 7.093000000000000000e+03
8.084000000000000000e+03 8.085000000000000000e+03 8.086000000000000000e+03 8.087000000000000000e+03 8.088000000000000000e+03 8.089000000000000000e+03 8.090000000000000000e+03 8.091000000000000000e+03 8.092000000000000000e+03 8.093000000000000000e+03
9.084000000000000000e+03 9.085000000000000000e+03 9.086000000000000000e+03 9.087000000000000000e+03 9.088000000000000000e+03 9.089000000000000000e+03 9.090000000000000000e+03 9.091000000000000000e+03 9.092000000000000000e+03 9.093000000000000000e+03
1.008400000000000000e+04 1.008500000000000000e+04 1.008600000000000000e+04 1.008700000000000000e+04 1.008800000000000000e+04 1.008900000000000000e+04 1.009000000000000000e+04 1.009100000000000000e+04 1.009200000000000000e+04 1.009300000000000000e+04
1.108400000000000000e+04 1.108500000000000000e+04 1.108600000000000000e+04 1.108700000000000000e+04 1.108800000000000000e+04 1.108900000000000000e+04 1.109000000000000000e+04 1.109100000000000000e+04 1.109200000000000000e+04 1.109300000000000000e+04
1.208400000000000000e+04 1.208500000000000000e+04 1.208600000000000000e+04 1.208700000000000000e+04 1.208800000000000000e+04 1.208900000000000000e+04 1.209000000000000000e+04 1.209100000000000000e+04 1.209200000000000000e+04 1.209300000000000000e+04
