3.074000000000000000e+03 3.075000000000000000e+03 3.076000000000000000e+03 3.077000000000000000e+03 3.078000000000000000e+03 3.079000000000000000e+03 3.080000000000000000e+03 3.081000000000000000e+03 3.082000000000000000e+03 3.083000000000000000e+03
4.074000000000000000e+03 4.075000000000000000e+03 4.076000000000000000e+03 4.077000000000000000e+03 4.078000000000000000e+03 4.079000000000000000e+03 4.080000000000000000e+03 4.081000000000000000e+03 4.082000000000000000e+03 4.083000000000000000e+03
5.074000000000000000e+03 5.075000000000000000e+03 5.076000000000000000e+03 5.077000000000000000e+03 5.078000000000000000e+03 5.079000000000000000e+03 5.080000000000000000e+03 5.081000000000000000e+03 5.082000000000000000e+03 5.083000000000000000e+03
6.074000000000000000e+03 6.075000000000000000e+03 6.076000000000000000e+03 6.077000000000000000e+03 6.078000000000000000e+03 6.079000000000000000e+03 6.080000000000000000e+03 6.081000000000000000e+03 6.082000000000000000e+03 6.083000000000000000e+03
7.074000000000000000e+03 7.075000000000000000e+03 7.076000000000000000e+03 7.077000000000000000e+03 7.078000000000000000e+03 7.079000000000000000e+03 7.080000000000000000e+03 7.081000000000000000e+03 7.082000000000000000e+03 7.083000000000000000e+03
8.074000000000000000e+03 8.075000000000000000e+03 8.076000000000000000e+03 8.077000000000000000e+03 8.078000000000000000e+03 8.079000000000000000e+03 8.080000000000000000e+03 8.081000000000000000e+03 8.082000000000000000e+03 8.083000000000000000e+03
9.074000000000000000e+03 9.075000000000000000e+03 9.076000000000000000e+03 9.077000000000000000e+03 9.078000000000000000e+03 9.079000000000000000e+03 9.080000000000000000e+03 9.081000000000000000e+03 9.082000000000000000e+03 9.083000000000000000e+03
1.007400000000000000e+04 1.007500000000000000e+04 1.007600000000000000e+04 1.007700000000000000e+04 1.007800000000000000e+04 1.007900000000000000e+04 1.008000000000000000e+04 1.008100000000000000e+04 1.008200000000000000e+04 1.008300000000000000e+04
1.107400000000000000e+04 1.107500000000000000e+04 1.107600000000000000e+04 1.107700000000000000e+04 1.107800000000000000e+04 1.107900000000000000e+04 1.108000000000000000e+04 1.108100000000000000e+04 1.108200000000000000e+04 1.108300000000000000e+04
1.207400000000000000e+04 1.207500000000000000e+04 1.207600000000000000e+04 1.207700000000000000e+04 1.207800000000000000e+04 1.207900000000000000e+04 1.208000000000000000e+04 1.208100000000000000e+04 1.208200000000000000e+04 1.208300000000000000e+04
