1.306400000000000000e+04 1.306500000000000000e+04 1.306600000000000000e+04 1.306700000000000000e+04 1.306800000000000000e+04 1.306900000000000000e+04 1.307000000000000000e+04 1.307100000000000000e+04 1.307200000000000000e+04 1.307300000000000000e+04
1.406400000000000000e+04 1.406500000000000000e+04 1.406600000000000000e+04 1.406700000000000000e+04 1.406800000000000000e+04 1.406900000000000000e+04 1.407000000000000000e+04 1.407100000000000000e+04 1.407200000000000000e+04 1.407300000000000000e+04
1.506400000000000000e+04 1.506500000000000000e+04 1.506600000000000000e+04 1.506700000000000000e+04 1.506800000000000000e+04 1.506900000000000000e+04 1.507000000000000000e+04 1.507100000000000000e+04 1.507200000000000000e+04 1.507300000000000000e+04
1.606400000000000000e+04 1.606500000000000000e+04 1.606600000000000000e+04 1.606700000000000000e+04 1.606800000000000000e+04 1.606900000000000000e+04 1.607000000000000000e+04 1.607100000000000000e+04 1.607200000000000000e+04 1.607300000000000000e+04
1.706400000000000000e+04 1.706500000000000000e+04 1.706600000000000000e+04 1.706700000000000000e+04 1.706800000000000000e+04 1.706900000000000000e+04 1.707000000000000000e+04 1.707100000000000000e+04 1.707200000000000000e+04 1.707300000000000000e+04
1.806400000000000000e+04 1.806500000000000000e+04 1.806600000000000000e+04 1.806700000000000000e+04 1.806800000000000000e+04 1.806900000000000000e+04 1.807000000000000000e+04 1.807100000000000000e+04 1.807200000000000000e+04 1.807300000000000000e+04
1.906400000000000000e+04 1.906500000000000000e+04 1.906600000000000000e+04 1.906700000000000000e+04 1.906800000000000000e+04 1.906900000000000000e+04 1.907000000000000000e+04 1.907100000000000000e+04 1.907200000000000000e+04 1.907300000000000000e+04
2.006400000000000000e+04 2.006500000000000000e+04 2.006600000000000000e+04 2.006700000000000000e+04 2.006800000000000000e+04 2.006900000000000000e+04 2.007000000000000000e+04 2.007100000000000000e+04 2.007200000000000000e+04 2.007300000000000000e+04
2.106400000000000000e+04 2.106500000000000000e+04 2.106600000000000000e+04 2.106700000000000000e+04 2.106800000000000000e+04 2.106900000000000000e+04 2.107000000000000000e+04 2.107100000000000000e+04 2.107200000000000000e+04 2.107300000000000000e+04
2.206400000000000000e+04 2.206500000000000000e+04 2.206600000000000000e+04 2.206700000000000000e+04 2.206800000000000000e+04 2.206900000000000000e+04 2.207000000000000000e+04 2.207100000000000000e+04 2.207200000000000000e+04 2.207300000000000000e+04
