1.308400000000000000e+04 1.308500000000000000e+04 1.308600000000000000e+04 1.308700000000000000e+04 1.308800000000000000e+04 1.308900000000000000e+04 1.309000000000000000e+04 1.309100000000000000e+04 1.309200000000000000e+04 1.309300000000000000e+04
1.408400000000000000e+04 1.408500000000000000e+04 1.408600000000000000e+04 1.408700000000000000e+04 1.408800000000000000e+04 1.408900000000000000e+04 1.409000000000000000e+04 1.409100000000000000e+04 1.409200000000000000e+04 1.409300000000000000e+04
1.508400000000000000e+04 1.508500000000000000e+04 1.508600000000000000e+04 1.508700000000000000e+04 1.508800000000000000e+04 1.508900000000000000e+04 1.509000000000000000e+04 1.509100000000000000e+04 1.509200000000000000e+04 1.509300000000000000e+04
1.608400000000000000e+04 1.608500000000000000e+04 1.608600000000000000e+04 1.608700000000000000e+04 1.608800000000000000e+04 1.608900000000000000e+04 1.609000000000000000e+04 1.609100000000000000e+04 1.609200000000000000e+04 1.609300000000000000e+04
1.708400000000000000e+04 1.708500000000000000e+04 1.708600000000000000e+04 1.708700000000000000e+04 1.708800000000000000e+04 1.708900000000000000e+04 1.709000000000000000e+04 1.709100000000000000e+04 1.709200000000000000e+04 1.709300000000000000e+04
1.808400000000000000e+04 1.808500000000000000e+04 1.808600000000000000e+04 1.808700000000000000e+04 1.808800000000000000e+04 1.808900000000000000e+04 1.809000000000000000e+04 1.809100000000000000e+04 1.809200000000000000e+04 1.809300000000000000e+04
1.908400000000000000e+04 1.908500000000000000e+04 1.908600000000000000e+04 1.908700000000000000e+04 1.908800000000000000e+04 1.908900000000000000e+04 1.909000000000000000e+04 1.909100000000000000e+04 1.909200000000000000e+04 1.909300000000000000e+04
2.008400000000000000e+04 2.008500000000000000e+04 2.008600000000000000e+04 2.008700000000000000e+04 2.008800000000000000e+04 2.008900000000000000e+04 2.009000000000000000e+04 2.009100000000000000e+04 2.009200000000000000e+04 2.009300000000000000e+04
2.108400000000000000e+04 2.108500000000000000e+04 2.108600000000000000e+04 2.108700000000000000e+04 2.108800000000000000e+04 2.108900000000000000e+04 2.109000000000000000e+04 2.109100000000000000e+04 2.109200000000000000e+04 2.109300000000000000e+04
2.208400000000000000e+04 2.208500000000000000e+04 2.208600000000000000e+04 2.208700000000000000e+04 2.208800000000000000e+04 2.208900000000000000e+04 2.209000000000000000e+04 2.209100000000000000e+04 2.209200000000000000e+04 2.209300000000000000e+04
