5.702000000000000000e+03 1.091000000000000000e+03 2.024000000000000000e+03 6.016000000000000000e+03 5.440000000000000000e+03 4.485000000000000000e+03 3.278000000000000000e+03 2.586000000000000000e+03 2.384000000000000000e+03 2.503000000000000000e+03
2.804000000000000000e+03 3.540000000000000000e+03 2.120000000000000000e+03 3.118000000000000000e+03 2.542000000000000000e+03 7.980000000000000000e+02 1.537000000000000000e+03 1.703000000000000000e+03 2.207000000000000000e+03 2.614000000000000000e+03
4.866000000000000000e+03 1.014000000000000000e+03 8.280000000000000000e+02 5.180000000000000000e+03 4.604000000000000000e+03 3.192000000000000000e+03 2.443000000000000000e+03 1.885000000000000000e+03 1.549000000000000000e+03 1.231000000000000000e+03
9.920000000000000000e+02 4.817000000000000000e+03 4.324000000000000000e+03 1.003000000000000000e+03 1.645000000000000000e+03 1.780000000000000000e+03 2.228000000000000000e+03 4.164000000000000000e+03 3.699000000000000000e+03 3.524000000000000000e+03
1.905000000000000000e+03 6.556000000000000000e+03 5.511000000000000000e+03 1.873000000000000000e+03 1.652000000000000000e+03 2.995000000000000000e+03 4.333000000000000000e+03 4.892000000000000000e+03 5.438000000000000000e+03 5.263000000000000000e+03
8.865000000000000000e+03 3.981000000000000000e+03 4.649000000000000000e+03 8.876000000000000000e+03 7.614000000000000000e+03 6.542000000000000000e+03 5.467000000000000000e+03 6.007000000000000000e+03 4.651000000000000000e+03 4.310000000000000000e+03
7.481000000000000000e+03 2.596000000000000000e+03 3.264000000000000000e+03 7.492000000000000000e+03 6.230000000000000000e+03 5.157000000000000000e+03 4.082000000000000000e+03 4.622000000000000000e+03 3.266000000000000000e+03 2.926000000000000000e+03
6.085000000000000000e+03 1.358000000000000000e+03 2.976000000000000000e+03 6.096000000000000000e+03 6.017000000000000000e+03 4.944000000000000000e+03 3.885000000000000000e+03 4.335000000000000000e+03 3.349000000000000000e+03 2.176000000000000000e+03
6.247000000000000000e+03 1.223000000000000000e+03 2.569000000000000000e+03 6.561000000000000000e+03 5.984000000000000000e+03 4.919000000000000000e+03 3.823000000000000000e+03 3.020000000000000000e+03 2.929000000000000000e+03 3.048000000000000000e+03
4.573000000000000000e+03 2.035000000000000000e+03 1.335000000000000000e+03 4.887000000000000000e+03 4.311000000000000000e+03 2.789000000000000000e+03 3.064000000000000000e+03 1.058000000000000000e+03 2.171000000000000000e+03 2.196000000000000000e+03
