7.790000000000000000e+03 5.715000000000000000e+03 6.028000000000000000e+03 7.245000000000000000e+03 7.230000000000000000e+03 7.693000000000000000e+03 9.398000000000000000e+03 9.577000000000000000e+03 9.766000000000000000e+03 6.534000000000000000e+03
5.728000000000000000e+03 6.099000000000000000e+03 6.139000000000000000e+03 7.850000000000000000e+03 5.168000000000000000e+03 8.396000000000000000e+03 1.175900000000000000e+04 1.173900000000000000e+04 1.212800000000000000e+04 6.645000000000000000e+03
6.518000000000000000e+03 4.443000000000000000e+03 4.756000000000000000e+03 5.973000000000000000e+03 5.958000000000000000e+03 6.421000000000000000e+03 8.125000000000000000e+03 8.305000000000000000e+03 8.494000000000000000e+03 5.261000000000000000e+03
3.507000000000000000e+03 3.878000000000000000e+03 4.108000000000000000e+03 6.405000000000000000e+03 2.947000000000000000e+03 5.255000000000000000e+03 6.920000000000000000e+03 7.138000000000000000e+03 7.527000000000000000e+03 4.614000000000000000e+03
4.079000000000000000e+03 6.534000000000000000e+03 8.418000000000000000e+03 9.592000000000000000e+03 3.583000000000000000e+03 8.831000000000000000e+03 1.049700000000000000e+04 1.071500000000000000e+04 1.110400000000000000e+04 8.413000000000000000e+03
7.667000000000000000e+03 5.693000000000000000e+03 4.429000000000000000e+03 3.747000000000000000e+03 9.394000000000000000e+03 5.514000000000000000e+03 6.762000000000000000e+03 6.743000000000000000e+03 7.131000000000000000e+03 4.188000000000000000e+03
5.877000000000000000e+03 4.822000000000000000e+03 3.761000000000000000e+03 3.013000000000000000e+03 6.294000000000000000e+03 5.674000000000000000e+03 6.923000000000000000e+03 6.903000000000000000e+03 7.291000000000000000e+03 4.349000000000000000e+03
7.173000000000000000e+03 4.800000000000000000e+03 3.778000000000000000e+03 3.031000000000000000e+03 6.614000000000000000e+03 5.692000000000000000e+03 6.940000000000000000e+03 6.920000000000000000e+03 7.308000000000000000e+03 4.366000000000000000e+03
8.335000000000000000e+03 6.260000000000000000e+03 6.573000000000000000e+03 4.408000000000000000e+03 7.775000000000000000e+03 7.069000000000000000e+03 8.318000000000000000e+03 8.298000000000000000e+03 8.686000000000000000e+03 5.744000000000000000e+03
7.482000000000000000e+03 5.408000000000000000e+03 5.720000000000000000e+03 6.937000000000000000e+03 6.923000000000000000e+03 7.386000000000000000e+03 9.090000000000000000e+03 9.269000000000000000e+03 9.458000000000000000e+03 6.226000000000000000e+03
