0.000000000000000000e+00 3.678000000000000000e+03 1.506000000000000000e+03 6.217000000000000000e+03 6.399000000000000000e+03 4.477000000000000000e+03 3.231000000000000000e+03 2.734000000000000000e+03 7.070000000000000000e+02 1.528000000000000000e+03
3.702000000000000000e+03 0.000000000000000000e+00 2.529000000000000000e+03 2.350000000000000000e+03 3.097000000000000000e+03 6.507000000000000000e+03 4.685000000000000000e+03 3.827000000000000000e+03 4.583000000000000000e+03 2.280000000000000000e+03
1.176000000000000000e+03 2.384000000000000000e+03 0.000000000000000000e+00 4.945000000000000000e+03 5.564000000000000000e+03 5.719000000000000000e+03 3.543000000000000000e+03 2.444000000000000000e+03 1.883000000000000000e+03 1.019000000000000000e+03
5.751000000000000000e+03 2.468000000000000000e+03 4.857000000000000000e+03 0.000000000000000000e+00 2.739000000000000000e+03 7.660000000000000000e+03 5.838000000000000000e+03 4.981000000000000000e+03 6.458000000000000000e+03 4.112000000000000000e+03
7.490000000000000000e+03 3.766000000000000000e+03 5.920000000000000000e+03 2.636000000000000000e+03 0.000000000000000000e+00 9.400000000000000000e+03 7.577000000000000000e+03 6.720000000000000000e+03 8.197000000000000000e+03 5.671000000000000000e+03
4.437000000000000000e+03 6.014000000000000000e+03 5.182000000000000000e+03 8.381000000000000000e+03 8.574000000000000000e+03 0.000000000000000000e+00 1.844000000000000000e+03 2.780000000000000000e+03 3.316000000000000000e+03 6.059000000000000000e+03
2.924000000000000000e+03 4.629000000000000000e+03 3.798000000000000000e+03 6.996000000000000000e+03 7.190000000000000000e+03 1.822000000000000000e+03 0.000000000000000000e+00 1.396000000000000000e+03 2.253000000000000000e+03 4.479000000000000000e+03
1.372000000000000000e+03 4.903000000000000000e+03 3.510000000000000000e+03 5.601000000000000000e+03 6.976000000000000000e+03 2.680000000000000000e+03 8.580000000000000000e+02 0.000000000000000000e+00 1.601000000000000000e+03 4.323000000000000000e+03
7.340000000000000000e+02 4.111000000000000000e+03 2.051000000000000000e+03 6.762000000000000000e+03 6.944000000000000000e+03 3.770000000000000000e+03 2.154000000000000000e+03 2.106000000000000000e+03 0.000000000000000000e+00 1.962000000000000000e+03
1.710000000000000000e+03 1.981000000000000000e+03 1.347000000000000000e+03 5.909000000000000000e+03 4.928000000000000000e+03 6.572000000000000000e+03 4.396000000000000000e+03 3.409000000000000000e+03 2.097000000000000000e+03 0.000000000000000000e+00
