5.415000000000000000e+03 4.769000000000000000e+03 1.968000000000000000e+03 6.731000000000000000e+03 5.976000000000000000e+03 6.790000000000000000e+03 5.715000000000000000e+03 4.798000000000000000e+03 9.528000000000000000e+03 6.664000000000000000e+03
4.667000000000000000e+03 2.849000000000000000e+03 5.530000000000000000e+03 7.336000000000000000e+03 6.678000000000000000e+03 9.152000000000000000e+03 4.640000000000000000e+03 4.909000000000000000e+03 7.140000000000000000e+03 4.363000000000000000e+03
4.143000000000000000e+03 4.068000000000000000e+03 3.522000000000000000e+03 5.459000000000000000e+03 4.703000000000000000e+03 5.518000000000000000e+03 4.443000000000000000e+03 3.526000000000000000e+03 8.827000000000000000e+03 5.963000000000000000e+03
2.446000000000000000e+03 4.730000000000000000e+03 7.702000000000000000e+03 7.339000000000000000e+03 3.537000000000000000e+03 5.200000000000000000e+03 2.419000000000000000e+03 2.360000000000000000e+03 9.735000000000000000e+03 6.244000000000000000e+03
5.553000000000000000e+03 3.952000000000000000e+03 9.441000000000000000e+03 9.078000000000000000e+03 7.114000000000000000e+03 9.240000000000000000e+03 5.076000000000000000e+03 4.999000000000000000e+03 7.863000000000000000e+03 5.203000000000000000e+03
6.319000000000000000e+03 9.043000000000000000e+03 3.393000000000000000e+03 3.912000000000000000e+03 5.539000000000000000e+03 4.155000000000000000e+03 6.618000000000000000e+03 5.695000000000000000e+03 1.380300000000000000e+04 1.093900000000000000e+04
4.529000000000000000e+03 7.659000000000000000e+03 3.149000000000000000e+03 2.499000000000000000e+03 4.014000000000000000e+03 4.315000000000000000e+03 4.828000000000000000e+03 3.905000000000000000e+03 1.241800000000000000e+04 9.554000000000000000e+03
4.507000000000000000e+03 7.371000000000000000e+03 3.089000000000000000e+03 2.517000000000000000e+03 3.606000000000000000e+03 4.333000000000000000e+03 4.806000000000000000e+03 3.883000000000000000e+03 1.213000000000000000e+04 9.267000000000000000e+03
5.960000000000000000e+03 5.202000000000000000e+03 1.303000000000000000e+03 3.894000000000000000e+03 6.520000000000000000e+03 5.710000000000000000e+03 6.260000000000000000e+03 5.343000000000000000e+03 9.961000000000000000e+03 7.097000000000000000e+03
5.108000000000000000e+03 3.240000000000000000e+03 3.044000000000000000e+03 6.424000000000000000e+03 5.668000000000000000e+03 6.482000000000000000e+03 5.407000000000000000e+03 4.491000000000000000e+03 7.999000000000000000e+03 5.136000000000000000e+03
