5.358000000000000000e+03 6.111000000000000000e+03 3.089000000000000000e+03 3.708000000000000000e+03 1.636000000000000000e+03 6.814000000000000000e+03 1.196000000000000000e+03 6.712000000000000000e+03 9.220000000000000000e+02 1.980000000000000000e+03
2.461000000000000000e+03 2.808000000000000000e+03 7.480000000000000000e+02 5.830000000000000000e+02 3.011000000000000000e+03 7.419000000000000000e+03 4.440000000000000000e+03 3.409000000000000000e+03 4.157000000000000000e+03 3.074000000000000000e+03
4.523000000000000000e+03 5.275000000000000000e+03 1.796000000000000000e+03 3.007000000000000000e+03 1.750000000000000000e+03 5.542000000000000000e+03 1.759000000000000000e+03 5.877000000000000000e+03 1.632000000000000000e+03 1.691000000000000000e+03
6.240000000000000000e+02 2.768000000000000000e+03 3.208000000000000000e+03 3.136000000000000000e+03 4.843000000000000000e+03 7.422000000000000000e+03 6.333000000000000000e+03 3.369000000000000000e+03 5.545000000000000000e+03 5.076000000000000000e+03
2.186000000000000000e+03 4.830000000000000000e+02 4.609000000000000000e+03 3.770000000000000000e+03 6.402000000000000000e+03 9.161000000000000000e+03 8.072000000000000000e+03 8.070000000000000000e+02 7.284000000000000000e+03 6.815000000000000000e+03
8.734000000000000000e+03 8.285000000000000000e+03 5.549000000000000000e+03 6.481000000000000000e+03 6.167000000000000000e+03 2.462000000000000000e+03 3.949000000000000000e+03 8.887000000000000000e+03 3.795000000000000000e+03 3.389000000000000000e+03
7.349000000000000000e+03 6.901000000000000000e+03 4.164000000000000000e+03 5.097000000000000000e+03 4.587000000000000000e+03 3.148000000000000000e+03 4.191000000000000000e+03 7.502000000000000000e+03 2.411000000000000000e+03 2.004000000000000000e+03
5.954000000000000000e+03 6.688000000000000000e+03 3.876000000000000000e+03 4.873000000000000000e+03 3.348000000000000000e+03 2.806000000000000000e+03 3.057000000000000000e+03 7.289000000000000000e+03 1.172000000000000000e+03 1.679000000000000000e+03
5.903000000000000000e+03 6.656000000000000000e+03 3.523000000000000000e+03 4.142000000000000000e+03 2.070000000000000000e+03 4.184000000000000000e+03 7.100000000000000000e+02 7.257000000000000000e+03 7.850000000000000000e+02 1.826000000000000000e+03
4.229000000000000000e+03 4.639000000000000000e+03 1.393000000000000000e+03 2.180000000000000000e+03 7.310000000000000000e+02 6.506000000000000000e+03 1.954000000000000000e+03 5.241000000000000000e+03 2.228000000000000000e+03 2.656000000000000000e+03
