5.735000000000000000e+03 6.299000000000000000e+03 3.787000000000000000e+03 3.743000000000000000e+03 4.512000000000000000e+03 3.165000000000000000e+03 7.691000000000000000e+03 7.388000000000000000e+03 5.324000000000000000e+03 6.369000000000000000e+03
2.432000000000000000e+03 3.528000000000000000e+03 7.066000000000000000e+03 3.854000000000000000e+03 4.623000000000000000e+03 5.512000000000000000e+03 8.296000000000000000e+03 7.828000000000000000e+03 3.895000000000000000e+03 8.420000000000000000e+03
4.899000000000000000e+03 5.464000000000000000e+03 5.029000000000000000e+03 2.470000000000000000e+03 3.240000000000000000e+03 3.476000000000000000e+03 6.419000000000000000e+03 6.116000000000000000e+03 4.052000000000000000e+03 5.097000000000000000e+03
2.074000000000000000e+03 2.972000000000000000e+03 7.479000000000000000e+03 2.990000000000000000e+03 3.291000000000000000e+03 6.929000000000000000e+03 6.851000000000000000e+03 4.950000000000000000e+03 1.587000000000000000e+03 5.073000000000000000e+03
1.012000000000000000e+03 1.340000000000000000e+03 9.219000000000000000e+03 6.213000000000000000e+03 6.983000000000000000e+03 8.668000000000000000e+03 1.003800000000000000e+04 8.264000000000000000e+03 4.227000000000000000e+03 9.351000000000000000e+03
7.909000000000000000e+03 8.474000000000000000e+03 9.900000000000000000e+02 4.232000000000000000e+03 4.332000000000000000e+03 2.022000000000000000e+03 3.342000000000000000e+03 5.493000000000000000e+03 6.006000000000000000e+03 3.466000000000000000e+03
6.525000000000000000e+03 7.090000000000000000e+03 1.641000000000000000e+03 2.442000000000000000e+03 2.973000000000000000e+03 1.801000000000000000e+03 3.459000000000000000e+03 5.654000000000000000e+03 4.216000000000000000e+03 3.583000000000000000e+03
6.312000000000000000e+03 6.876000000000000000e+03 2.499000000000000000e+03 2.420000000000000000e+03 2.316000000000000000e+03 1.948000000000000000e+03 3.477000000000000000e+03 5.671000000000000000e+03 4.194000000000000000e+03 3.601000000000000000e+03
6.280000000000000000e+03 6.844000000000000000e+03 3.081000000000000000e+03 4.287000000000000000e+03 5.057000000000000000e+03 1.675000000000000000e+03 4.854000000000000000e+03 7.933000000000000000e+03 5.869000000000000000e+03 4.978000000000000000e+03
4.263000000000000000e+03 5.396000000000000000e+03 5.882000000000000000e+03 3.435000000000000000e+03 4.205000000000000000e+03 4.329000000000000000e+03 7.383000000000000000e+03 7.081000000000000000e+03 5.017000000000000000e+03 6.061000000000000000e+03
