2.998000000000000000e+03 1.922000000000000000e+03 1.650000000000000000e+03 9.890000000000000000e+02 4.116000000000000000e+03 3.075000000000000000e+03 5.031000000000000000e+03 2.409000000000000000e+03 4.316000000000000000e+03 2.283000000000000000e+03
4.495000000000000000e+03 2.202000000000000000e+03 3.162000000000000000e+03 2.568000000000000000e+03 4.465000000000000000e+03 5.124000000000000000e+03 5.381000000000000000e+03 2.664000000000000000e+03 7.080000000000000000e+02 5.145000000000000000e+03
8.198000000000000000e+03 5.900000000000000000e+03 9.002000000000000000e+03 6.829000000000000000e+03 6.975000000000000000e+03 8.827000000000000000e+03 6.915000000000000000e+03 6.677000000000000000e+03 4.157000000000000000e+03 1.011000000000000000e+04
1.711000000000000000e+03 1.317000000000000000e+03 3.168000000000000000e+03 1.001000000000000000e+03 1.981000000000000000e+03 2.094000000000000000e+03 2.631000000000000000e+03 1.422000000000000000e+03 3.794000000000000000e+03 2.437000000000000000e+03
6.660000000000000000e+03 4.362000000000000000e+03 7.464000000000000000e+03 5.291000000000000000e+03 5.437000000000000000e+03 7.289000000000000000e+03 5.378000000000000000e+03 5.139000000000000000e+03 4.992000000000000000e+03 8.572000000000000000e+03
8.015000000000000000e+03 5.717000000000000000e+03 8.819000000000000000e+03 6.646000000000000000e+03 6.791000000000000000e+03 8.644000000000000000e+03 6.732000000000000000e+03 6.494000000000000000e+03 3.920000000000000000e+03 9.927000000000000000e+03
3.974000000000000000e+03 1.744000000000000000e+03 4.414000000000000000e+03 2.960000000000000000e+03 4.303000000000000000e+03 4.603000000000000000e+03 4.710000000000000000e+03 2.157000000000000000e+03 1.070000000000000000e+03 5.959000000000000000e+03
1.445000000000000000e+03 4.632000000000000000e+03 5.145000000000000000e+03 3.933000000000000000e+03 2.381000000000000000e+03 1.461000000000000000e+03 1.890000000000000000e+03 4.411000000000000000e+03 7.100000000000000000e+03 2.472000000000000000e+03
2.461000000000000000e+03 5.250000000000000000e+02 3.043000000000000000e+03 7.790000000000000000e+02 2.511000000000000000e+03 3.090000000000000000e+03 3.033000000000000000e+03 6.300000000000000000e+02 3.007000000000000000e+03 2.895000000000000000e+03
1.065000000000000000e+03 4.260000000000000000e+03 4.208000000000000000e+03 2.996000000000000000e+03 2.009000000000000000e+03 4.460000000000000000e+02 2.437000000000000000e+03 4.039000000000000000e+03 6.728000000000000000e+03 1.637000000000000000e+03
