1.458000000000000000e+03 4.867000000000000000e+03 3.005000000000000000e+03 5.116000000000000000e+03 -1.000000000000000000e+00 3.166000000000000000e+03 6.120000000000000000e+03 3.869000000000000000e+03 3.576000000000000000e+03 5.609000000000000000e+03
3.296000000000000000e+03 1.564000000000000000e+03 1.172000000000000000e+03 1.077900000000000000e+04 -1.000000000000000000e+00 1.056000000000000000e+03 3.223000000000000000e+03 5.323000000000000000e+03 9.870000000000000000e+02 2.712000000000000000e+03
1.382000000000000000e+03 4.032000000000000000e+03 2.027000000000000000e+03 6.358000000000000000e+03 -1.000000000000000000e+00 2.465000000000000000e+03 5.285000000000000000e+03 4.181000000000000000e+03 2.741000000000000000e+03 4.774000000000000000e+03
5.397000000000000000e+03 1.616000000000000000e+03 2.429000000000000000e+03 1.078200000000000000e+04 -1.000000000000000000e+00 3.505000000000000000e+03 1.499000000000000000e+03 6.476000000000000000e+03 1.719000000000000000e+03 1.815000000000000000e+03
7.136000000000000000e+03 2.128000000000000000e+03 4.044000000000000000e+03 1.252100000000000000e+04 -1.000000000000000000e+00 4.313000000000000000e+03 1.907000000000000000e+03 8.215000000000000000e+03 3.823000000000000000e+03 1.057000000000000000e+03
3.668000000000000000e+03 7.042000000000000000e+03 5.193000000000000000e+03 1.106000000000000000e+03 -1.000000000000000000e+00 6.088000000000000000e+03 9.604000000000000000e+03 1.451000000000000000e+03 5.751000000000000000e+03 7.784000000000000000e+03
2.283000000000000000e+03 5.657000000000000000e+03 3.809000000000000000e+03 2.837000000000000000e+03 -1.000000000000000000e+00 4.703000000000000000e+03 8.220000000000000000e+03 6.380000000000000000e+02 4.366000000000000000e+03 6.399000000000000000e+03
1.523000000000000000e+03 5.444000000000000000e+03 4.086000000000000000e+03 3.695000000000000000e+03 -1.000000000000000000e+00 4.415000000000000000e+03 6.824000000000000000e+03 1.496000000000000000e+03 4.153000000000000000e+03 6.186000000000000000e+03
1.089000000000000000e+03 5.412000000000000000e+03 3.550000000000000000e+03 4.409000000000000000e+03 -1.000000000000000000e+00 3.599000000000000000e+03 6.665000000000000000e+03 2.792000000000000000e+03 4.121000000000000000e+03 6.154000000000000000e+03
2.402000000000000000e+03 3.396000000000000000e+03 2.022000000000000000e+03 7.211000000000000000e+03 -1.000000000000000000e+00 1.637000000000000000e+03 4.991000000000000000e+03 5.034000000000000000e+03 3.362000000000000000e+03 4.480000000000000000e+03
