6.095000000000000000e+03 4.236000000000000000e+03 4.760000000000000000e+03 7.752000000000000000e+03 6.701000000000000000e+03 6.629000000000000000e+03 4.426000000000000000e+03 4.396000000000000000e+03 3.085000000000000000e+03 4.152000000000000000e+03
6.206000000000000000e+03 4.347000000000000000e+03 4.871000000000000000e+03 7.696000000000000000e+03 6.645000000000000000e+03 7.332000000000000000e+03 4.537000000000000000e+03 1.251000000000000000e+03 6.320000000000000000e+03 3.041000000000000000e+03
4.823000000000000000e+03 2.963000000000000000e+03 3.488000000000000000e+03 6.480000000000000000e+03 5.429000000000000000e+03 5.357000000000000000e+03 3.154000000000000000e+03 3.560000000000000000e+03 3.795000000000000000e+03 3.451000000000000000e+03
4.799000000000000000e+03 3.014000000000000000e+03 3.538000000000000000e+03 5.475000000000000000e+03 4.424000000000000000e+03 4.191000000000000000e+03 2.131000000000000000e+03 1.673000000000000000e+03 7.975000000000000000e+03 5.501000000000000000e+03
8.979000000000000000e+03 6.706000000000000000e+03 7.230000000000000000e+03 8.132000000000000000e+03 7.080000000000000000e+03 7.768000000000000000e+03 4.770000000000000000e+03 2.840000000000000000e+03 9.714000000000000000e+03 5.663000000000000000e+03
3.544000000000000000e+03 4.609000000000000000e+03 4.747000000000000000e+03 6.591000000000000000e+03 5.845000000000000000e+03 4.945000000000000000e+03 5.323000000000000000e+03 6.571000000000000000e+03 3.244000000000000000e+03 8.426000000000000000e+03
3.704000000000000000e+03 2.247000000000000000e+03 2.585000000000000000e+03 6.751000000000000000e+03 5.807000000000000000e+03 5.106000000000000000e+03 3.532000000000000000e+03 5.186000000000000000e+03 3.077000000000000000e+03 7.042000000000000000e+03
3.722000000000000000e+03 2.225000000000000000e+03 2.563000000000000000e+03 6.837000000000000000e+03 5.785000000000000000e+03 5.123000000000000000e+03 3.510000000000000000e+03 4.973000000000000000e+03 3.163000000000000000e+03 6.754000000000000000e+03
5.099000000000000000e+03 4.780000000000000000e+03 5.305000000000000000e+03 8.297000000000000000e+03 7.246000000000000000e+03 7.174000000000000000e+03 4.971000000000000000e+03 4.941000000000000000e+03 1.636000000000000000e+03 4.585000000000000000e+03
5.788000000000000000e+03 3.928000000000000000e+03 4.452000000000000000e+03 7.445000000000000000e+03 6.394000000000000000e+03 6.322000000000000000e+03 4.119000000000000000e+03 3.082000000000000000e+03 3.389000000000000000e+03 2.623000000000000000e+03
