3.086000000000000000e+03 4.440000000000000000e+02 9.884000000000000000e+03 3.022000000000000000e+03 6.525000000000000000e+03 7.871000000000000000e+03 1.934000000000000000e+03 5.597000000000000000e+03 2.238000000000000000e+03 5.052000000000000000e+03
1.822000000000000000e+03 4.268000000000000000e+03 1.048900000000000000e+04 9.050000000000000000e+02 7.130000000000000000e+03 8.476000000000000000e+03 3.917000000000000000e+03 2.700000000000000000e+03 1.672000000000000000e+03 1.749000000000000000e+03
2.385000000000000000e+03 1.587000000000000000e+03 8.612000000000000000e+03 1.750000000000000000e+03 5.253000000000000000e+03 6.599000000000000000e+03 2.245000000000000000e+03 4.762000000000000000e+03 1.042000000000000000e+03 4.216000000000000000e+03
4.283000000000000000e+03 6.161000000000000000e+03 1.049200000000000000e+04 3.718000000000000000e+03 7.133000000000000000e+03 8.479000000000000000e+03 5.501000000000000000e+03 1.864000000000000000e+03 3.890000000000000000e+03 1.919000000000000000e+03
4.570000000000000000e+03 7.900000000000000000e+03 1.223100000000000000e+04 4.297000000000000000e+03 8.872000000000000000e+03 1.021800000000000000e+04 7.240000000000000000e+03 1.384000000000000000e+03 5.063000000000000000e+03 2.168000000000000000e+03
6.126000000000000000e+03 3.677000000000000000e+03 1.330000000000000000e+03 5.433000000000000000e+03 2.787000000000000000e+03 2.043000000000000000e+03 3.009000000000000000e+03 7.772000000000000000e+03 4.751000000000000000e+03 7.227000000000000000e+03
4.742000000000000000e+03 3.393000000000000000e+03 3.191000000000000000e+03 4.048000000000000000e+03 3.473000000000000000e+03 2.729000000000000000e+03 1.625000000000000000e+03 6.387000000000000000e+03 3.366000000000000000e+03 5.842000000000000000e+03
4.454000000000000000e+03 1.841000000000000000e+03 4.051000000000000000e+03 3.799000000000000000e+03 2.517000000000000000e+03 3.863000000000000000e+03 5.200000000000000000e+02 6.174000000000000000e+03 3.079000000000000000e+03 5.629000000000000000e+03
3.520000000000000000e+03 3.600000000000000000e+02 4.763000000000000000e+03 3.567000000000000000e+03 3.895000000000000000e+03 4.500000000000000000e+03 1.619000000000000000e+03 6.142000000000000000e+03 2.783000000000000000e+03 5.597000000000000000e+03
1.558000000000000000e+03 1.782000000000000000e+03 9.576000000000000000e+03 1.799000000000000000e+03 6.218000000000000000e+03 7.564000000000000000e+03 3.098000000000000000e+03 4.468000000000000000e+03 1.663000000000000000e+03 3.580000000000000000e+03
