7.625000000000000000e+03 5.551000000000000000e+03 5.863000000000000000e+03 7.080000000000000000e+03 7.066000000000000000e+03 7.529000000000000000e+03 9.233000000000000000e+03 9.412000000000000000e+03 9.601000000000000000e+03 6.369000000000000000e+03
7.974000000000000000e+03 5.900000000000000000e+03 6.212000000000000000e+03 7.429000000000000000e+03 7.415000000000000000e+03 7.878000000000000000e+03 9.582000000000000000e+03 9.761000000000000000e+03 9.950000000000000000e+03 6.718000000000000000e+03
8.519000000000000000e+03 4.824000000000000000e+03 4.863000000000000000e+03 4.182000000000000000e+03 8.936000000000000000e+03 5.948000000000000000e+03 7.197000000000000000e+03 7.177000000000000000e+03 7.565000000000000000e+03 4.623000000000000000e+03
5.619000000000000000e+03 4.946000000000000000e+03 5.259000000000000000e+03 6.476000000000000000e+03 5.059000000000000000e+03 6.924000000000000000e+03 8.629000000000000000e+03 8.808000000000000000e+03 8.997000000000000000e+03 5.765000000000000000e+03
6.981000000000000000e+03 3.286000000000000000e+03 2.285000000000000000e+03 1.603000000000000000e+03 7.398000000000000000e+03 3.370000000000000000e+03 4.618000000000000000e+03 4.598000000000000000e+03 4.986000000000000000e+03 2.044000000000000000e+03
8.336000000000000000e+03 4.641000000000000000e+03 2.386000000000000000e+03 1.704000000000000000e+03 8.753000000000000000e+03 3.471000000000000000e+03 4.720000000000000000e+03 4.700000000000000000e+03 5.088000000000000000e+03 2.146000000000000000e+03
6.214000000000000000e+03 5.158000000000000000e+03 4.137000000000000000e+03 3.389000000000000000e+03 6.630000000000000000e+03 6.050000000000000000e+03 7.299000000000000000e+03 7.279000000000000000e+03 7.667000000000000000e+03 4.725000000000000000e+03
2.761000000000000000e+03 5.216000000000000000e+03 7.099000000000000000e+03 8.548000000000000000e+03 2.265000000000000000e+03 7.513000000000000000e+03 9.178000000000000000e+03 9.397000000000000000e+03 9.785000000000000000e+03 7.095000000000000000e+03
6.021000000000000000e+03 4.154000000000000000e+03 4.467000000000000000e+03 5.684000000000000000e+03 5.461000000000000000e+03 6.132000000000000000e+03 7.837000000000000000e+03 8.016000000000000000e+03 8.205000000000000000e+03 4.973000000000000000e+03
3.754000000000000000e+03 6.209000000000000000e+03 7.082000000000000000e+03 8.176000000000000000e+03 3.258000000000000000e+03 8.507000000000000000e+03 1.208600000000000000e+04 1.039000000000000000e+04 1.077900000000000000e+04 7.588000000000000000e+03
