5.931000000000000000e+03 4.071000000000000000e+03 4.595000000000000000e+03 7.588000000000000000e+03 6.537000000000000000e+03 6.465000000000000000e+03 4.262000000000000000e+03 2.688000000000000000e+03 4.960000000000000000e+03 1.218000000000000000e+03
6.280000000000000000e+03 4.420000000000000000e+03 4.945000000000000000e+03 7.937000000000000000e+03 6.886000000000000000e+03 6.814000000000000000e+03 4.611000000000000000e+03 4.580000000000000000e+03 2.005000000000000000e+03 4.225000000000000000e+03
3.978000000000000000e+03 3.740000000000000000e+03 5.181000000000000000e+03 7.025000000000000000e+03 6.279000000000000000e+03 5.380000000000000000e+03 6.075000000000000000e+03 8.283000000000000000e+03 4.422000000000000000e+03 1.006500000000000000e+04
5.327000000000000000e+03 3.467000000000000000e+03 3.991000000000000000e+03 6.984000000000000000e+03 5.932000000000000000e+03 5.861000000000000000e+03 3.657000000000000000e+03 1.708000000000000000e+03 5.308000000000000000e+03 3.145000000000000000e+03
1.399000000000000000e+03 2.202000000000000000e+03 2.603000000000000000e+03 4.447000000000000000e+03 3.701000000000000000e+03 2.801000000000000000e+03 4.537000000000000000e+03 6.745000000000000000e+03 5.129000000000000000e+03 8.527000000000000000e+03
1.501000000000000000e+03 3.557000000000000000e+03 2.704000000000000000e+03 4.548000000000000000e+03 3.802000000000000000e+03 2.902000000000000000e+03 5.891000000000000000e+03 8.100000000000000000e+03 4.186000000000000000e+03 9.882000000000000000e+03
4.080000000000000000e+03 2.584000000000000000e+03 2.922000000000000000e+03 7.196000000000000000e+03 6.144000000000000000e+03 5.482000000000000000e+03 3.869000000000000000e+03 4.059000000000000000e+03 2.887000000000000000e+03 5.477000000000000000e+03
7.660000000000000000e+03 4.335000000000000000e+03 6.842000000000000000e+03 6.813000000000000000e+03 5.762000000000000000e+03 6.449000000000000000e+03 3.452000000000000000e+03 1.900000000000000000e+03 8.670000000000000000e+03 5.512000000000000000e+03
4.535000000000000000e+03 2.675000000000000000e+03 3.199000000000000000e+03 6.192000000000000000e+03 5.140000000000000000e+03 5.069000000000000000e+03 2.865000000000000000e+03 2.547000000000000000e+03 4.516000000000000000e+03 4.106000000000000000e+03
7.150000000000000000e+03 5.290000000000000000e+03 5.814000000000000000e+03 7.807000000000000000e+03 6.755000000000000000e+03 7.443000000000000000e+03 5.480000000000000000e+03 9.630000000000000000e+02 8.298000000000000000e+03 4.575000000000000000e+03
