0.000000000000000000e+00 2.221000000000000000e+03 3.005000000000000000e+03 2.872000000000000000e+03 4.640000000000000000e+03 8.127000000000000000e+03 7.039000000000000000e+03 2.823000000000000000e+03 6.250000000000000000e+03 5.781000000000000000e+03
2.022000000000000000e+03 0.000000000000000000e+00 3.873000000000000000e+03 3.034000000000000000e+03 5.893000000000000000e+03 8.997000000000000000e+03 7.116000000000000000e+03 6.300000000000000000e+02 7.120000000000000000e+03 6.651000000000000000e+03
3.347000000000000000e+03 3.757000000000000000e+03 0.000000000000000000e+00 9.150000000000000000e+02 2.125000000000000000e+03 6.052000000000000000e+03 3.554000000000000000e+03 4.359000000000000000e+03 3.206000000000000000e+03 2.201000000000000000e+03
2.529000000000000000e+03 3.016000000000000000e+03 8.380000000000000000e+02 0.000000000000000000e+00 2.858000000000000000e+03 6.966000000000000000e+03 4.082000000000000000e+03 3.618000000000000000e+03 4.356000000000000000e+03 3.235000000000000000e+03
4.960000000000000000e+03 5.370000000000000000e+03 2.124000000000000000e+03 2.911000000000000000e+03 0.000000000000000000e+00 7.237000000000000000e+03 9.230000000000000000e+02 5.972000000000000000e+03 2.168000000000000000e+03 3.387000000000000000e+03
8.020000000000000000e+03 8.754000000000000000e+03 5.942000000000000000e+03 6.939000000000000000e+03 7.120000000000000000e+03 0.000000000000000000e+00 6.551000000000000000e+03 9.355000000000000000e+03 4.425000000000000000e+03 3.956000000000000000e+03
6.056000000000000000e+03 6.808000000000000000e+03 3.294000000000000000e+03 3.913000000000000000e+03 1.012000000000000000e+03 7.034000000000000000e+03 0.000000000000000000e+00 7.409000000000000000e+03 2.670000000000000000e+03 3.362000000000000000e+03
2.542000000000000000e+03 5.600000000000000000e+02 4.067000000000000000e+03 3.229000000000000000e+03 6.087000000000000000e+03 9.518000000000000000e+03 7.310000000000000000e+03 0.000000000000000000e+00 7.640000000000000000e+03 7.171000000000000000e+03
5.568000000000000000e+03 6.320000000000000000e+03 3.245000000000000000e+03 4.359000000000000000e+03 2.287000000000000000e+03 4.751000000000000000e+03 2.252000000000000000e+03 6.921000000000000000e+03 0.000000000000000000e+00 1.079000000000000000e+03
5.452000000000000000e+03 6.186000000000000000e+03 2.651000000000000000e+03 4.371000000000000000e+03 3.828000000000000000e+03 3.735000000000000000e+03 3.016000000000000000e+03 6.788000000000000000e+03 7.910000000000000000e+02 0.000000000000000000e+00
