4.102000000000000000e+03 3.360000000000000000e+03 1.478000000000000000e+03 4.416000000000000000e+03 3.840000000000000000e+03 2.689000000000000000e+03 2.578000000000000000e+03 6.190000000000000000e+02 2.314000000000000000e+03 2.339000000000000000e+03
5.886000000000000000e+03 1.501000000000000000e+03 2.208000000000000000e+03 6.200000000000000000e+03 5.624000000000000000e+03 4.559000000000000000e+03 3.463000000000000000e+03 2.660000000000000000e+03 2.569000000000000000e+03 2.688000000000000000e+03
9.396000000000000000e+03 6.027000000000000000e+03 6.287000000000000000e+03 9.407000000000000000e+03 9.327000000000000000e+03 8.254000000000000000e+03 7.196000000000000000e+03 7.645000000000000000e+03 6.659000000000000000e+03 5.487000000000000000e+03
3.102000000000000000e+03 2.660000000000000000e+03 1.240000000000000000e+03 3.416000000000000000e+03 2.840000000000000000e+03 1.414000000000000000e+03 6.790000000000000000e+02 1.807000000000000000e+03 1.327000000000000000e+03 1.735000000000000000e+03
7.858000000000000000e+03 4.489000000000000000e+03 4.749000000000000000e+03 7.869000000000000000e+03 7.789000000000000000e+03 6.716000000000000000e+03 5.658000000000000000e+03 6.107000000000000000e+03 5.121000000000000000e+03 3.949000000000000000e+03
9.213000000000000000e+03 5.844000000000000000e+03 6.104000000000000000e+03 9.224000000000000000e+03 9.144000000000000000e+03 8.071000000000000000e+03 7.013000000000000000e+03 7.462000000000000000e+03 6.476000000000000000e+03 5.304000000000000000e+03
5.365000000000000000e+03 9.710000000000000000e+02 2.137000000000000000e+03 6.736000000000000000e+03 5.103000000000000000e+03 4.030000000000000000e+03 2.955000000000000000e+03 3.912000000000000000e+03 2.139000000000000000e+03 1.799000000000000000e+03
5.870000000000000000e+02 5.512000000000000000e+03 4.571000000000000000e+03 5.540000000000000000e+02 7.130000000000000000e+02 2.055000000000000000e+03 3.288000000000000000e+03 4.113000000000000000e+03 4.394000000000000000e+03 4.219000000000000000e+03
3.852000000000000000e+03 1.872000000000000000e+03 4.480000000000000000e+02 4.167000000000000000e+03 3.590000000000000000e+03 2.071000000000000000e+03 1.429000000000000000e+03 1.684000000000000000e+03 5.350000000000000000e+02 9.430000000000000000e+02
1.311000000000000000e+03 5.140000000000000000e+03 3.635000000000000000e+03 1.548000000000000000e+03 6.480000000000000000e+02 1.118000000000000000e+03 1.894000000000000000e+03 3.177000000000000000e+03 4.022000000000000000e+03 3.847000000000000000e+03
