6.457000000000000000e+03 2.027000000000000000e+03 4.158000000000000000e+03 5.580000000000000000e+02 2.192000000000000000e+03 8.366000000000000000e+03 6.544000000000000000e+03 5.686000000000000000e+03 7.163000000000000000e+03 3.909000000000000000e+03
7.326000000000000000e+03 3.038000000000000000e+03 5.039000000000000000e+03 2.473000000000000000e+03 5.100000000000000000e+02 9.236000000000000000e+03 7.414000000000000000e+03 6.556000000000000000e+03 7.259000000000000000e+03 5.162000000000000000e+03
2.750000000000000000e+03 7.480000000000000000e+02 1.577000000000000000e+03 3.237000000000000000e+03 4.046000000000000000e+03 5.635000000000000000e+03 3.812000000000000000e+03 2.955000000000000000e+03 3.697000000000000000e+03 1.394000000000000000e+03
3.837000000000000000e+03 7.060000000000000000e+02 2.690000000000000000e+03 2.980000000000000000e+03 3.305000000000000000e+03 6.668000000000000000e+03 4.846000000000000000e+03 3.988000000000000000e+03 4.225000000000000000e+03 2.127000000000000000e+03
1.649000000000000000e+03 2.712000000000000000e+03 2.078000000000000000e+03 6.640000000000000000e+03 5.659000000000000000e+03 6.511000000000000000e+03 4.335000000000000000e+03 4.140000000000000000e+03 2.036000000000000000e+03 7.310000000000000000e+02
5.187000000000000000e+03 6.969000000000000000e+03 5.576000000000000000e+03 7.667000000000000000e+03 9.042000000000000000e+03 1.959000000000000000e+03 2.805000000000000000e+03 3.861000000000000000e+03 5.416000000000000000e+03 6.389000000000000000e+03
1.472000000000000000e+03 3.882000000000000000e+03 2.204000000000000000e+03 6.914000000000000000e+03 7.097000000000000000e+03 4.792000000000000000e+03 2.850000000000000000e+03 4.116000000000000000e+03 7.790000000000000000e+02 1.733000000000000000e+03
7.066000000000000000e+03 3.232000000000000000e+03 5.918000000000000000e+03 2.993000000000000000e+03 8.490000000000000000e+02 9.756000000000000000e+03 7.934000000000000000e+03 7.076000000000000000e+03 7.453000000000000000e+03 5.356000000000000000e+03
5.570000000000000000e+02 3.710000000000000000e+03 1.716000000000000000e+03 6.115000000000000000e+03 6.609000000000000000e+03 4.411000000000000000e+03 2.235000000000000000e+03 1.832000000000000000e+03 7.850000000000000000e+02 2.179000000000000000e+03
1.652000000000000000e+03 4.401000000000000000e+03 2.285000000000000000e+03 5.099000000000000000e+03 6.475000000000000000e+03 3.433000000000000000e+03 1.611000000000000000e+03 7.530000000000000000e+02 1.881000000000000000e+03 3.097000000000000000e+03
