3.759000000000000000e+03 3.992000000000000000e+03 1.111000000000000000e+03 1.229000000000000000e+03 2.302000000000000000e+03 6.649000000000000000e+03 3.525000000000000000e+03 4.566000000000000000e+03 3.799000000000000000e+03 2.799000000000000000e+03
5.543000000000000000e+03 6.295000000000000000e+03 3.163000000000000000e+03 3.781000000000000000e+03 1.710000000000000000e+03 6.998000000000000000e+03 7.890000000000000000e+02 6.897000000000000000e+03 1.221000000000000000e+03 2.391000000000000000e+03
9.264000000000000000e+03 9.998000000000000000e+03 7.187000000000000000e+03 8.183000000000000000e+03 8.364000000000000000e+03 1.245000000000000000e+03 5.127000000000000000e+03 1.060000000000000000e+04 5.670000000000000000e+03 5.201000000000000000e+03
2.759000000000000000e+03 3.265000000000000000e+03 1.019000000000000000e+03 1.074000000000000000e+03 2.530000000000000000e+03 6.045000000000000000e+03 3.404000000000000000e+03 3.866000000000000000e+03 3.278000000000000000e+03 2.194000000000000000e+03
7.726000000000000000e+03 8.460000000000000000e+03 5.649000000000000000e+03 6.645000000000000000e+03 6.826000000000000000e+03 5.240000000000000000e+02 6.258000000000000000e+03 9.062000000000000000e+03 4.132000000000000000e+03 3.663000000000000000e+03
9.081000000000000000e+03 9.815000000000000000e+03 7.004000000000000000e+03 8.000000000000000000e+03 8.181000000000000000e+03 6.260000000000000000e+02 7.613000000000000000e+03 1.041700000000000000e+04 5.487000000000000000e+03 5.018000000000000000e+03
5.022000000000000000e+03 5.774000000000000000e+03 3.663000000000000000e+03 4.596000000000000000e+03 2.962000000000000000e+03 3.165000000000000000e+03 2.671000000000000000e+03 6.375000000000000000e+03 7.860000000000000000e+02 1.204000000000000000e+03
8.670000000000000000e+02 1.266000000000000000e+03 3.830000000000000000e+03 2.991000000000000000e+03 5.462000000000000000e+03 8.117000000000000000e+03 7.028000000000000000e+03 1.868000000000000000e+03 6.239000000000000000e+03 5.770000000000000000e+03
3.509000000000000000e+03 4.261000000000000000e+03 7.980000000000000000e+02 1.730000000000000000e+03 2.405000000000000000e+03 5.253000000000000000e+03 2.617000000000000000e+03 4.863000000000000000e+03 2.490000000000000000e+03 1.402000000000000000e+03
1.414000000000000000e+03 1.059000000000000000e+03 2.893000000000000000e+03 2.055000000000000000e+03 4.525000000000000000e+03 7.745000000000000000e+03 5.955000000000000000e+03 1.660000000000000000e+03 5.868000000000000000e+03 5.399000000000000000e+03
