3.728000000000000000e+03 3.002000000000000000e+03 2.213000000000000000e+03 7.247000000000000000e+03 -1.000000000000000000e+00 6.870000000000000000e+02 4.520000000000000000e+03 5.048000000000000000e+03 2.875000000000000000e+03 4.009000000000000000e+03
1.869000000000000000e+03 5.052000000000000000e+03 3.189000000000000000e+03 4.779000000000000000e+03 -1.000000000000000000e+00 3.239000000000000000e+03 6.305000000000000000e+03 3.161000000000000000e+03 3.761000000000000000e+03 5.794000000000000000e+03
5.523000000000000000e+03 8.755000000000000000e+03 7.397000000000000000e+03 1.531000000000000000e+03 -1.000000000000000000e+00 7.726000000000000000e+03 1.013400000000000000e+04 2.534000000000000000e+03 7.464000000000000000e+03 9.497000000000000000e+03
2.417000000000000000e+03 2.022000000000000000e+03 3.140000000000000000e+02 6.642000000000000000e+03 -1.000000000000000000e+00 1.148000000000000000e+03 3.520000000000000000e+03 4.443000000000000000e+03 9.760000000000000000e+02 3.009000000000000000e+03
3.985000000000000000e+03 7.217000000000000000e+03 5.859000000000000000e+03 3.245000000000000000e+03 -1.000000000000000000e+00 6.188000000000000000e+03 8.597000000000000000e+03 3.150000000000000000e+03 5.926000000000000000e+03 7.959000000000000000e+03
5.340000000000000000e+03 8.572000000000000000e+03 7.214000000000000000e+03 2.303000000000000000e+03 -1.000000000000000000e+00 7.543000000000000000e+03 9.951000000000000000e+03 2.298000000000000000e+03 7.281000000000000000e+03 9.314000000000000000e+03
6.580000000000000000e+02 4.530000000000000000e+03 2.682000000000000000e+03 4.189000000000000000e+03 -1.000000000000000000e+00 4.491000000000000000e+03 5.783000000000000000e+03 1.989000000000000000e+03 3.239000000000000000e+03 5.272000000000000000e+03
6.092000000000000000e+03 1.188000000000000000e+03 3.104000000000000000e+03 1.147700000000000000e+04 -1.000000000000000000e+00 3.534000000000000000e+03 5.890000000000000000e+02 7.171000000000000000e+03 2.779000000000000000e+03 5.240000000000000000e+02
1.625000000000000000e+03 3.018000000000000000e+03 1.155000000000000000e+03 5.850000000000000000e+03 -1.000000000000000000e+00 1.337000000000000000e+03 4.271000000000000000e+03 3.651000000000000000e+03 1.727000000000000000e+03 3.760000000000000000e+03
5.721000000000000000e+03 7.730000000000000000e+02 2.168000000000000000e+03 1.110500000000000000e+04 -1.000000000000000000e+00 2.597000000000000000e+03 1.583000000000000000e+03 6.800000000000000000e+03 2.407000000000000000e+03 7.320000000000000000e+02
