3.687000000000000000e+03 4.136000000000000000e+03 7.453000000000000000e+03 3.578000000000000000e+03 4.348000000000000000e+03 5.900000000000000000e+03 7.526000000000000000e+03 7.224000000000000000e+03 5.160000000000000000e+03 6.204000000000000000e+03
5.919000000000000000e+03 6.484000000000000000e+03 3.450000000000000000e+03 3.927000000000000000e+03 4.697000000000000000e+03 2.045000000000000000e+03 7.875000000000000000e+03 7.573000000000000000e+03 5.509000000000000000e+03 6.553000000000000000e+03
9.622000000000000000e+03 1.018700000000000000e+04 2.285000000000000000e+03 4.984000000000000000e+03 3.463000000000000000e+03 3.201000000000000000e+03 3.733000000000000000e+03 5.928000000000000000e+03 6.758000000000000000e+03 3.857000000000000000e+03
2.889000000000000000e+03 3.454000000000000000e+03 6.186000000000000000e+03 2.974000000000000000e+03 3.744000000000000000e+03 4.633000000000000000e+03 6.922000000000000000e+03 6.619000000000000000e+03 4.555000000000000000e+03 5.600000000000000000e+03
8.084000000000000000e+03 8.649000000000000000e+03 2.991000000000000000e+03 3.446000000000000000e+03 1.925000000000000000e+03 3.908000000000000000e+03 1.198000000000000000e+03 3.349000000000000000e+03 5.220000000000000000e+03 1.322000000000000000e+03
9.439000000000000000e+03 1.000400000000000000e+04 2.049000000000000000e+03 4.801000000000000000e+03 3.280000000000000000e+03 2.965000000000000000e+03 1.300000000000000000e+03 3.450000000000000000e+03 6.575000000000000000e+03 1.424000000000000000e+03
5.398000000000000000e+03 5.963000000000000000e+03 3.226000000000000000e+03 2.778000000000000000e+03 2.674000000000000000e+03 1.672000000000000000e+03 3.835000000000000000e+03 6.030000000000000000e+03 4.552000000000000000e+03 3.959000000000000000e+03
1.276000000000000000e+03 2.083000000000000000e+03 8.174000000000000000e+03 5.169000000000000000e+03 6.595000000000000000e+03 7.624000000000000000e+03 8.994000000000000000e+03 6.946000000000000000e+03 2.908000000000000000e+03 8.033000000000000000e+03
3.885000000000000000e+03 4.450000000000000000e+03 5.394000000000000000e+03 2.182000000000000000e+03 2.952000000000000000e+03 3.841000000000000000e+03 6.130000000000000000e+03 5.827000000000000000e+03 3.763000000000000000e+03 4.808000000000000000e+03
6.830000000000000000e+02 1.248000000000000000e+03 7.803000000000000000e+03 4.797000000000000000e+03 5.567000000000000000e+03 7.252000000000000000e+03 8.622000000000000000e+03 7.939000000000000000e+03 3.455000000000000000e+03 8.746000000000000000e+03
