4.059000000000000000e+03 2.018000000000000000e+03 3.088000000000000000e+03 2.495000000000000000e+03 4.280000000000000000e+03 4.939000000000000000e+03 5.196000000000000000e+03 2.479000000000000000e+03 1.045000000000000000e+03 5.071000000000000000e+03
1.413000000000000000e+03 2.197000000000000000e+03 2.767000000000000000e+03 1.481000000000000000e+03 1.683000000000000000e+03 1.637000000000000000e+03 2.741000000000000000e+03 2.302000000000000000e+03 4.674000000000000000e+03 1.675000000000000000e+03
3.475000000000000000e+03 9.390000000000000000e+02 2.387000000000000000e+03 1.202000000000000000e+03 3.008000000000000000e+03 4.104000000000000000e+03 3.924000000000000000e+03 1.644000000000000000e+03 2.149000000000000000e+03 4.370000000000000000e+03
1.209000000000000000e+03 3.937000000000000000e+03 5.481000000000000000e+03 3.314000000000000000e+03 2.116000000000000000e+03 1.889000000000000000e+03 5.690000000000000000e+02 3.716000000000000000e+03 6.405000000000000000e+03 3.361000000000000000e+03
2.489000000000000000e+03 5.676000000000000000e+03 5.924000000000000000e+03 4.872000000000000000e+03 3.425000000000000000e+03 2.137000000000000000e+03 3.209000000000000000e+03 5.455000000000000000e+03 8.144000000000000000e+03 2.444000000000000000e+03
6.485000000000000000e+03 4.262000000000000000e+03 7.363000000000000000e+03 5.191000000000000000e+03 6.444000000000000000e+03 7.114000000000000000e+03 6.164000000000000000e+03 4.668000000000000000e+03 2.978000000000000000e+03 7.844000000000000000e+03
5.101000000000000000e+03 2.877000000000000000e+03 5.979000000000000000e+03 3.806000000000000000e+03 5.060000000000000000e+03 5.730000000000000000e+03 4.373000000000000000e+03 3.284000000000000000e+03 1.914000000000000000e+03 6.460000000000000000e+03
4.888000000000000000e+03 2.590000000000000000e+03 5.691000000000000000e+03 3.519000000000000000e+03 3.664000000000000000e+03 5.517000000000000000e+03 4.351000000000000000e+03 3.366000000000000000e+03 1.456000000000000000e+03 6.799000000000000000e+03
4.855000000000000000e+03 2.562000000000000000e+03 3.522000000000000000e+03 2.929000000000000000e+03 4.825000000000000000e+03 5.484000000000000000e+03 5.741000000000000000e+03 3.024000000000000000e+03 3.390000000000000000e+02 5.505000000000000000e+03
3.182000000000000000e+03 1.778000000000000000e+03 1.560000000000000000e+03 7.980000000000000000e+02 3.973000000000000000e+03 3.468000000000000000e+03 4.888000000000000000e+03 2.266000000000000000e+03 2.745000000000000000e+03 3.543000000000000000e+03
