3.805000000000000000e+03 6.867000000000000000e+03 1.119700000000000000e+04 2.535000000000000000e+03 7.839000000000000000e+03 9.185000000000000000e+03 6.207000000000000000e+03 1.256000000000000000e+03 3.301000000000000000e+03 1.372000000000000000e+03
3.834000000000000000e+03 6.944000000000000000e+03 1.206700000000000000e+04 3.416000000000000000e+03 8.708000000000000000e+03 1.005400000000000000e+04 7.076000000000000000e+03 1.221000000000000000e+03 4.182000000000000000e+03 1.473000000000000000e+03
1.148000000000000000e+03 3.382000000000000000e+03 9.122000000000000000e+03 1.021000000000000000e+03 5.764000000000000000e+03 7.110000000000000000e+03 3.045000000000000000e+03 3.586000000000000000e+03 7.990000000000000000e+02 2.698000000000000000e+03
1.241000000000000000e+03 3.909000000000000000e+03 1.003600000000000000e+04 1.066000000000000000e+03 6.677000000000000000e+03 8.023000000000000000e+03 4.078000000000000000e+03 2.768000000000000000e+03 1.833000000000000000e+03 1.957000000000000000e+03
2.289000000000000000e+03 1.721000000000000000e+03 1.030700000000000000e+04 2.530000000000000000e+03 6.949000000000000000e+03 8.295000000000000000e+03 3.037000000000000000e+03 5.199000000000000000e+03 2.394000000000000000e+03 4.311000000000000000e+03
6.520000000000000000e+03 6.880000000000000000e+03 1.245000000000000000e+03 5.865000000000000000e+03 5.350000000000000000e+02 4.940000000000000000e+02 4.382000000000000000e+03 8.240000000000000000e+03 5.145000000000000000e+03 7.695000000000000000e+03
3.291000000000000000e+03 1.098000000000000000e+03 5.785000000000000000e+03 3.391000000000000000e+03 6.746000000000000000e+03 8.092000000000000000e+03 2.977000000000000000e+03 6.295000000000000000e+03 2.935000000000000000e+03 5.749000000000000000e+03
4.028000000000000000e+03 7.138000000000000000e+03 1.258800000000000000e+04 4.295000000000000000e+03 9.229000000000000000e+03 1.057500000000000000e+04 7.597000000000000000e+03 1.741000000000000000e+03 5.061000000000000000e+03 2.025000000000000000e+03
3.737000000000000000e+03 1.026000000000000000e+03 7.821000000000000000e+03 3.231000000000000000e+03 4.462000000000000000e+03 5.808000000000000000e+03 9.370000000000000000e+02 5.806000000000000000e+03 2.447000000000000000e+03 5.261000000000000000e+03
3.229000000000000000e+03 2.121000000000000000e+03 6.805000000000000000e+03 3.297000000000000000e+03 3.447000000000000000e+03 4.793000000000000000e+03 1.274000000000000000e+03 5.673000000000000000e+03 1.853000000000000000e+03 5.127000000000000000e+03
