5.251000000000000000e+03 1.835000000000000000e+03 4.615000000000000000e+03 6.567000000000000000e+03 5.811000000000000000e+03 6.625000000000000000e+03 5.551000000000000000e+03 4.634000000000000000e+03 6.595000000000000000e+03 3.731000000000000000e+03
5.600000000000000000e+03 4.842000000000000000e+03 1.631000000000000000e+03 6.916000000000000000e+03 6.160000000000000000e+03 6.974000000000000000e+03 5.900000000000000000e+03 4.983000000000000000e+03 9.601000000000000000e+03 6.737000000000000000e+03
7.171000000000000000e+03 1.068200000000000000e+04 4.571000000000000000e+03 4.321000000000000000e+03 5.973000000000000000e+03 4.589000000000000000e+03 7.470000000000000000e+03 6.447000000000000000e+03 1.544100000000000000e+04 1.257700000000000000e+04
4.647000000000000000e+03 3.762000000000000000e+03 5.035000000000000000e+03 5.962000000000000000e+03 5.207000000000000000e+03 6.021000000000000000e+03 4.946000000000000000e+03 4.030000000000000000e+03 8.521000000000000000e+03 5.657000000000000000e+03
5.633000000000000000e+03 9.144000000000000000e+03 6.289000000000000000e+03 1.768000000000000000e+03 3.395000000000000000e+03 2.011000000000000000e+03 5.933000000000000000e+03 4.909000000000000000e+03 1.390300000000000000e+04 1.103900000000000000e+04
6.988000000000000000e+03 1.049900000000000000e+04 4.335000000000000000e+03 1.869000000000000000e+03 3.496000000000000000e+03 2.112000000000000000e+03 7.287000000000000000e+03 6.264000000000000000e+03 1.525800000000000000e+04 1.239400000000000000e+04
4.865000000000000000e+03 6.094000000000000000e+03 2.702000000000000000e+03 2.875000000000000000e+03 3.964000000000000000e+03 4.691000000000000000e+03 5.165000000000000000e+03 4.241000000000000000e+03 1.085300000000000000e+04 7.990000000000000000e+03
3.812000000000000000e+03 3.980000000000000000e+03 8.397000000000000000e+03 8.034000000000000000e+03 5.795000000000000000e+03 7.921000000000000000e+03 3.757000000000000000e+03 3.681000000000000000e+03 8.513000000000000000e+03 5.466000000000000000e+03
3.855000000000000000e+03 4.723000000000000000e+03 4.243000000000000000e+03 5.170000000000000000e+03 4.415000000000000000e+03 5.229000000000000000e+03 4.154000000000000000e+03 3.238000000000000000e+03 9.482000000000000000e+03 6.618000000000000000e+03
4.994000000000000000e+03 3.145000000000000000e+03 8.026000000000000000e+03 7.662000000000000000e+03 6.789000000000000000e+03 9.478000000000000000e+03 4.751000000000000000e+03 5.853000000000000000e+03 8.011000000000000000e+03 4.659000000000000000e+03
