0.000000000000000000e+00 3.353000000000000000e+03 9.719000000000000000e+03 1.990000000000000000e+03 6.361000000000000000e+03 7.707000000000000000e+03 4.669000000000000000e+03 3.997000000000000000e+03 1.806000000000000000e+03 3.187000000000000000e+03
3.159000000000000000e+03 0.000000000000000000e+00 1.006900000000000000e+04 3.207000000000000000e+03 6.710000000000000000e+03 8.056000000000000000e+03 2.232000000000000000e+03 5.782000000000000000e+03 2.422000000000000000e+03 5.236000000000000000e+03
7.765000000000000000e+03 4.855000000000000000e+03 0.000000000000000000e+00 7.109000000000000000e+03 1.865000000000000000e+03 8.260000000000000000e+02 4.582000000000000000e+03 9.485000000000000000e+03 6.389000000000000000e+03 8.939000000000000000e+03
1.926000000000000000e+03 3.232000000000000000e+03 9.115000000000000000e+03 0.000000000000000000e+00 5.756000000000000000e+03 7.102000000000000000e+03 3.037000000000000000e+03 2.997000000000000000e+03 7.920000000000000000e+02 2.206000000000000000e+03
6.227000000000000000e+03 6.586000000000000000e+03 1.769000000000000000e+03 5.571000000000000000e+03 0.000000000000000000e+00 1.040000000000000000e+03 4.088000000000000000e+03 7.947000000000000000e+03 4.851000000000000000e+03 7.401000000000000000e+03
7.582000000000000000e+03 7.941000000000000000e+03 8.260000000000000000e+02 6.926000000000000000e+03 1.040000000000000000e+03 0.000000000000000000e+00 5.443000000000000000e+03 9.302000000000000000e+03 6.206000000000000000e+03 8.756000000000000000e+03
4.412000000000000000e+03 1.455000000000000000e+03 4.410000000000000000e+03 2.921000000000000000e+03 2.876000000000000000e+03 4.222000000000000000e+03 0.000000000000000000e+00 5.260000000000000000e+03 2.866000000000000000e+03 4.715000000000000000e+03
3.924000000000000000e+03 6.856000000000000000e+03 1.118700000000000000e+04 3.357000000000000000e+03 7.828000000000000000e+03 9.174000000000000000e+03 6.196000000000000000e+03 0.000000000000000000e+00 4.123000000000000000e+03 1.492000000000000000e+03
1.804000000000000000e+03 2.444000000000000000e+03 8.323000000000000000e+03 7.840000000000000000e+02 4.964000000000000000e+03 6.310000000000000000e+03 2.245000000000000000e+03 3.748000000000000000e+03 0.000000000000000000e+00 3.202000000000000000e+03
2.987000000000000000e+03 5.783000000000000000e+03 1.081500000000000000e+04 2.420000000000000000e+03 7.457000000000000000e+03 8.803000000000000000e+03 5.825000000000000000e+03 1.060000000000000000e+03 3.187000000000000000e+03 0.000000000000000000e+00
