3.281000000000000000e+03 1.798000000000000000e+03 1.892000000000000000e+03 4.209000000000000000e+03 4.535000000000000000e+03 6.232000000000000000e+03 4.410000000000000000e+03 3.552000000000000000e+03 3.668000000000000000e+03 1.571000000000000000e+03
3.740000000000000000e+02 3.751000000000000000e+03 1.691000000000000000e+03 6.401000000000000000e+03 6.584000000000000000e+03 4.140000000000000000e+03 2.524000000000000000e+03 3.145000000000000000e+03 3.700000000000000000e+02 1.602000000000000000e+03
6.432000000000000000e+03 8.213000000000000000e+03 6.821000000000000000e+03 8.911000000000000000e+03 1.028700000000000000e+04 1.383000000000000000e+03 3.390000000000000000e+03 5.106000000000000000e+03 4.495000000000000000e+03 7.633000000000000000e+03
2.822000000000000000e+03 8.050000000000000000e+02 1.649000000000000000e+03 2.648000000000000000e+03 3.554000000000000000e+03 5.627000000000000000e+03 3.805000000000000000e+03 2.948000000000000000e+03 3.528000000000000000e+03 1.799000000000000000e+03
4.894000000000000000e+03 6.675000000000000000e+03 5.283000000000000000e+03 7.373000000000000000e+03 8.749000000000000000e+03 2.483000000000000000e+03 2.512000000000000000e+03 3.568000000000000000e+03 5.123000000000000000e+03 6.095000000000000000e+03
6.249000000000000000e+03 8.030000000000000000e+03 6.638000000000000000e+03 8.728000000000000000e+03 1.010400000000000000e+04 1.540000000000000000e+03 3.154000000000000000e+03 4.923000000000000000e+03 4.259000000000000000e+03 7.450000000000000000e+03
9.860000000000000000e+02 4.129000000000000000e+03 2.134000000000000000e+03 6.240000000000000000e+03 6.063000000000000000e+03 3.174000000000000000e+03 1.351000000000000000e+03 1.087000000000000000e+03 1.214000000000000000e+03 2.854000000000000000e+03
6.446000000000000000e+03 2.826000000000000000e+03 4.980000000000000000e+03 1.318000000000000000e+03 1.555000000000000000e+03 8.355000000000000000e+03 6.533000000000000000e+03 5.676000000000000000e+03 7.153000000000000000e+03 4.731000000000000000e+03
2.034000000000000000e+03 1.263000000000000000e+03 8.620000000000000000e+02 4.448000000000000000e+03 4.550000000000000000e+03 4.835000000000000000e+03 3.013000000000000000e+03 2.156000000000000000e+03 2.741000000000000000e+03 1.674000000000000000e+03
5.216000000000000000e+03 1.889000000000000000e+03 4.044000000000000000e+03 1.865000000000000000e+03 1.348000000000000000e+03 7.984000000000000000e+03 6.162000000000000000e+03 5.304000000000000000e+03 6.098000000000000000e+03 3.794000000000000000e+03
