1.778000000000000000e+03 1.417000000000000000e+03 1.459000000000000000e+03 1.711000000000000000e+03 1.625000000000000000e+03 1.867000000000000000e+03 2.124000000000000000e+03 2.288000000000000000e+03 2.290000000000000000e+03 1.570000000000000000e+03
1.344000000000000000e+03 1.357000000000000000e+03 1.573000000000000000e+03 1.749000000000000000e+03 1.191000000000000000e+03 1.879000000000000000e+03 2.544000000000000000e+03 2.611000000000000000e+03 2.710000000000000000e+03 1.684000000000000000e+03
1.537000000000000000e+03 1.175000000000000000e+03 1.217000000000000000e+03 1.470000000000000000e+03 1.384000000000000000e+03 1.625000000000000000e+03 1.882000000000000000e+03 2.046000000000000000e+03 2.048000000000000000e+03 1.329000000000000000e+03
7.490000000000000000e+02 7.620000000000000000e+02 9.670000000000000000e+02 1.365000000000000000e+03 5.960000000000000000e+02 1.249000000000000000e+03 1.666000000000000000e+03 1.671000000000000000e+03 1.776000000000000000e+03 1.079000000000000000e+03
9.840000000000000000e+02 1.401000000000000000e+03 1.810000000000000000e+03 2.098000000000000000e+03 8.450000000000000000e+02 1.923000000000000000e+03 2.339000000000000000e+03 2.344000000000000000e+03 2.450000000000000000e+03 1.823000000000000000e+03
1.795000000000000000e+03 1.348000000000000000e+03 1.090000000000000000e+03 8.580000000000000000e+02 1.926000000000000000e+03 1.311000000000000000e+03 1.534000000000000000e+03 1.601000000000000000e+03 1.700000000000000000e+03 1.023000000000000000e+03
1.676000000000000000e+03 1.414000000000000000e+03 1.307000000000000000e+03 1.050000000000000000e+03 1.698000000000000000e+03 1.623000000000000000e+03 1.846000000000000000e+03 1.913000000000000000e+03 2.012000000000000000e+03 1.334000000000000000e+03
1.434000000000000000e+03 1.086000000000000000e+03 9.830000000000000000e+02 7.270000000000000000e+02 1.281000000000000000e+03 1.299000000000000000e+03 1.522000000000000000e+03 1.589000000000000000e+03 1.688000000000000000e+03 1.011000000000000000e+03
1.839000000000000000e+03 1.477000000000000000e+03 1.519000000000000000e+03 1.300000000000000000e+03 1.686000000000000000e+03 1.872000000000000000e+03 2.095000000000000000e+03 2.162000000000000000e+03 2.261000000000000000e+03 1.583000000000000000e+03
1.708000000000000000e+03 1.346000000000000000e+03 1.388000000000000000e+03 1.641000000000000000e+03 1.555000000000000000e+03 1.796000000000000000e+03 2.054000000000000000e+03 2.218000000000000000e+03 2.219000000000000000e+03 1.500000000000000000e+03
