0.000000000000000000e+00 8.800000000000000000e+02 3.600000000000000000e+02 1.448000000000000000e+03 1.566000000000000000e+03 1.189000000000000000e+03 9.410000000000000000e+02 7.650000000000000000e+02 1.600000000000000000e+02 3.490000000000000000e+02
9.220000000000000000e+02 0.000000000000000000e+00 6.240000000000000000e+02 7.220000000000000000e+02 8.100000000000000000e+02 1.689000000000000000e+03 1.290000000000000000e+03 1.053000000000000000e+03 1.050000000000000000e+03 5.400000000000000000e+02
3.150000000000000000e+02 6.430000000000000000e+02 0.000000000000000000e+00 1.206000000000000000e+03 1.366000000000000000e+03 1.509000000000000000e+03 1.011000000000000000e+03 6.970000000000000000e+02 4.740000000000000000e+02 2.410000000000000000e+02
1.305000000000000000e+03 7.320000000000000000e+02 1.105000000000000000e+03 0.000000000000000000e+00 7.220000000000000000e+02 1.554000000000000000e+03 1.155000000000000000e+03 9.180000000000000000e+02 1.465000000000000000e+03 1.057000000000000000e+03
1.844000000000000000e+03 9.250000000000000000e+02 1.443000000000000000e+03 6.760000000000000000e+02 0.000000000000000000e+00 2.094000000000000000e+03 1.694000000000000000e+03 1.458000000000000000e+03 2.004000000000000000e+03 1.359000000000000000e+03
9.680000000000000000e+02 1.408000000000000000e+03 1.082000000000000000e+03 1.748000000000000000e+03 1.905000000000000000e+03 0.000000000000000000e+00 4.150000000000000000e+02 6.450000000000000000e+02 7.600000000000000000e+02 1.356000000000000000e+03
7.530000000000000000e+02 1.265000000000000000e+03 9.390000000000000000e+02 1.605000000000000000e+03 1.762000000000000000e+03 3.990000000000000000e+02 0.000000000000000000e+00 5.020000000000000000e+02 6.780000000000000000e+02 1.128000000000000000e+03
5.530000000000000000e+02 1.139000000000000000e+03 8.410000000000000000e+02 1.103000000000000000e+03 1.561000000000000000e+03 6.360000000000000000e+02 2.370000000000000000e+02 0.000000000000000000e+00 6.190000000000000000e+02 1.047000000000000000e+03
1.460000000000000000e+02 9.810000000000000000e+02 4.200000000000000000e+02 1.508000000000000000e+03 1.626000000000000000e+03 1.029000000000000000e+03 6.720000000000000000e+02 7.510000000000000000e+02 0.000000000000000000e+00 4.500000000000000000e+02
4.040000000000000000e+02 5.090000000000000000e+02 2.970000000000000000e+02 1.378000000000000000e+03 1.245000000000000000e+03 1.659000000000000000e+03 1.160000000000000000e+03 8.680000000000000000e+02 4.740000000000000000e+02 0.000000000000000000e+00
