8.020000000000000000e+02 5.300000000000000000e+02 4.270000000000000000e+02 2.730000000000000000e+02 1.060000000000000000e+03 7.990000000000000000e+02 1.290000000000000000e+03 5.750000000000000000e+02 9.880000000000000000e+02 6.640000000000000000e+02
1.042000000000000000e+03 4.300000000000000000e+02 7.380000000000000000e+02 5.760000000000000000e+02 1.003000000000000000e+03 1.158000000000000000e+03 1.234000000000000000e+03 5.510000000000000000e+02 1.860000000000000000e+02 1.317000000000000000e+03
1.753000000000000000e+03 1.346000000000000000e+03 2.077000000000000000e+03 1.565000000000000000e+03 1.374000000000000000e+03 1.869000000000000000e+03 1.459000000000000000e+03 1.489000000000000000e+03 1.057000000000000000e+03 2.327000000000000000e+03
5.740000000000000000e+02 3.520000000000000000e+02 7.140000000000000000e+02 2.050000000000000000e+02 6.280000000000000000e+02 5.710000000000000000e+02 8.200000000000000000e+02 3.380000000000000000e+02 9.220000000000000000e+02 7.260000000000000000e+02
1.430000000000000000e+03 1.023000000000000000e+03 1.753000000000000000e+03 1.242000000000000000e+03 1.051000000000000000e+03 1.546000000000000000e+03 1.136000000000000000e+03 1.166000000000000000e+03 1.247000000000000000e+03 2.004000000000000000e+03
1.647000000000000000e+03 1.240000000000000000e+03 1.971000000000000000e+03 1.459000000000000000e+03 1.268000000000000000e+03 1.763000000000000000e+03 1.353000000000000000e+03 1.383000000000000000e+03 9.900000000000000000e+02 2.221000000000000000e+03
1.048000000000000000e+03 5.050000000000000000e+02 1.109000000000000000e+03 7.880000000000000000e+02 1.087000000000000000e+03 1.165000000000000000e+03 1.186000000000000000e+03 6.370000000000000000e+02 3.100000000000000000e+02 1.659000000000000000e+03
3.820000000000000000e+02 1.214000000000000000e+03 1.298000000000000000e+03 9.760000000000000000e+02 5.770000000000000000e+02 3.610000000000000000e+02 5.370000000000000000e+02 1.127000000000000000e+03 1.729000000000000000e+03 6.610000000000000000e+02
6.330000000000000000e+02 1.550000000000000000e+02 7.380000000000000000e+02 2.200000000000000000e+02 6.440000000000000000e+02 7.490000000000000000e+02 7.920000000000000000e+02 1.420000000000000000e+02 7.530000000000000000e+02 9.020000000000000000e+02
2.880000000000000000e+02 1.124000000000000000e+03 1.137000000000000000e+03 8.160000000000000000e+02 4.860000000000000000e+02 1.570000000000000000e+02 6.450000000000000000e+02 1.036000000000000000e+03 1.638000000000000000e+03 3.560000000000000000e+02
