1.403000000000000000e+03 1.583000000000000000e+03 9.430000000000000000e+02 9.450000000000000000e+02 1.132000000000000000e+03 8.860000000000000000e+02 1.723000000000000000e+03 1.812000000000000000e+03 1.277000000000000000e+03 1.521000000000000000e+03
6.480000000000000000e+02 9.440000000000000000e+02 1.761000000000000000e+03 1.059000000000000000e+03 1.246000000000000000e+03 1.453000000000000000e+03 1.760000000000000000e+03 1.767000000000000000e+03 1.060000000000000000e+03 1.916000000000000000e+03
1.203000000000000000e+03 1.384000000000000000e+03 1.264000000000000000e+03 7.030000000000000000e+02 8.900000000000000000e+02 9.560000000000000000e+02 1.481000000000000000e+03 1.571000000000000000e+03 1.035000000000000000e+03 1.279000000000000000e+03
5.590000000000000000e+02 7.950000000000000000e+02 1.516000000000000000e+03 6.330000000000000000e+02 7.900000000000000000e+02 1.582000000000000000e+03 1.376000000000000000e+03 1.195000000000000000e+03 3.690000000000000000e+02 1.201000000000000000e+03
2.440000000000000000e+02 4.110000000000000000e+02 2.055000000000000000e+03 1.384000000000000000e+03 1.571000000000000000e+03 2.122000000000000000e+03 2.110000000000000000e+03 1.811000000000000000e+03 1.045000000000000000e+03 2.042000000000000000e+03
1.742000000000000000e+03 1.923000000000000000e+03 2.040000000000000000e+02 9.880000000000000000e+02 1.021000000000000000e+03 3.960000000000000000e+02 7.710000000000000000e+02 1.311000000000000000e+03 1.368000000000000000e+03 9.270000000000000000e+02
1.600000000000000000e+03 1.780000000000000000e+03 3.610000000000000000e+02 8.690000000000000000e+02 1.072000000000000000e+03 5.220000000000000000e+02 1.062000000000000000e+03 1.623000000000000000e+03 1.249000000000000000e+03 1.218000000000000000e+03
1.398000000000000000e+03 1.579000000000000000e+03 5.980000000000000000e+02 5.410000000000000000e+02 6.490000000000000000e+02 6.640000000000000000e+02 7.380000000000000000e+02 1.299000000000000000e+03 9.210000000000000000e+02 8.940000000000000000e+02
1.463000000000000000e+03 1.644000000000000000e+03 7.830000000000000000e+02 1.005000000000000000e+03 1.192000000000000000e+03 5.390000000000000000e+02 1.311000000000000000e+03 1.873000000000000000e+03 1.337000000000000000e+03 1.467000000000000000e+03
1.082000000000000000e+03 1.385000000000000000e+03 1.413000000000000000e+03 8.750000000000000000e+02 1.061000000000000000e+03 1.106000000000000000e+03 1.652000000000000000e+03 1.742000000000000000e+03 1.207000000000000000e+03 1.450000000000000000e+03
