1.283000000000000000e+03 1.111000000000000000e+03 5.110000000000000000e+02 1.574000000000000000e+03 1.492000000000000000e+03 1.602000000000000000e+03 1.357000000000000000e+03 1.176000000000000000e+03 2.012000000000000000e+03 1.485000000000000000e+03
1.126000000000000000e+03 7.890000000000000000e+02 1.270000000000000000e+03 1.611000000000000000e+03 1.505000000000000000e+03 2.022000000000000000e+03 1.064000000000000000e+03 1.291000000000000000e+03 1.674000000000000000e+03 1.116000000000000000e+03
1.042000000000000000e+03 9.690000000000000000e+02 8.190000000000000000e+02 1.332000000000000000e+03 1.251000000000000000e+03 1.360000000000000000e+03 1.115000000000000000e+03 9.350000000000000000e+02 1.870000000000000000e+03 1.343000000000000000e+03
5.310000000000000000e+02 1.272000000000000000e+03 1.652000000000000000e+03 1.422000000000000000e+03 8.750000000000000000e+02 1.223000000000000000e+03 4.700000000000000000e+02 5.590000000000000000e+02 2.143000000000000000e+03 1.598000000000000000e+03
1.229000000000000000e+03 9.160000000000000000e+02 2.192000000000000000e+03 1.961000000000000000e+03 1.548000000000000000e+03 2.013000000000000000e+03 1.108000000000000000e+03 1.235000000000000000e+03 1.690000000000000000e+03 1.199000000000000000e+03
1.437000000000000000e+03 2.017000000000000000e+03 7.540000000000000000e+02 9.180000000000000000e+02 1.262000000000000000e+03 1.012000000000000000e+03 1.510000000000000000e+03 1.293000000000000000e+03 2.917000000000000000e+03 2.390000000000000000e+03
1.317000000000000000e+03 1.874000000000000000e+03 8.210000000000000000e+02 9.600000000000000000e+02 1.346000000000000000e+03 1.324000000000000000e+03 1.391000000000000000e+03 1.173000000000000000e+03 2.775000000000000000e+03 2.247000000000000000e+03
9.900000000000000000e+02 1.776000000000000000e+03 8.400000000000000000e+02 6.360000000000000000e+02 9.810000000000000000e+02 1.000000000000000000e+03 1.063000000000000000e+03 8.460000000000000000e+02 2.676000000000000000e+03 2.149000000000000000e+03
1.343000000000000000e+03 1.213000000000000000e+03 3.410000000000000000e+02 1.209000000000000000e+03 1.553000000000000000e+03 1.573000000000000000e+03 1.417000000000000000e+03 1.236000000000000000e+03 2.113000000000000000e+03 1.586000000000000000e+03
1.213000000000000000e+03 7.620000000000000000e+02 6.940000000000000000e+02 1.504000000000000000e+03 1.422000000000000000e+03 1.532000000000000000e+03 1.287000000000000000e+03 1.106000000000000000e+03 1.663000000000000000e+03 1.135000000000000000e+03
