1.003000000000000000e+03 1.094000000000000000e+03 1.717000000000000000e+03 9.730000000000000000e+02 1.160000000000000000e+03 1.410000000000000000e+03 1.751000000000000000e+03 1.840000000000000000e+03 1.305000000000000000e+03 1.549000000000000000e+03
1.375000000000000000e+03 1.555000000000000000e+03 8.750000000000000000e+02 9.170000000000000000e+02 1.103000000000000000e+03 6.300000000000000000e+02 1.694000000000000000e+03 1.784000000000000000e+03 1.249000000000000000e+03 1.492000000000000000e+03
2.086000000000000000e+03 2.266000000000000000e+03 5.930000000000000000e+02 1.059000000000000000e+03 8.300000000000000000e+02 7.850000000000000000e+02 7.540000000000000000e+02 1.315000000000000000e+03 1.439000000000000000e+03 9.110000000000000000e+02
7.870000000000000000e+02 9.680000000000000000e+02 1.496000000000000000e+03 7.950000000000000000e+02 9.820000000000000000e+02 1.189000000000000000e+03 1.573000000000000000e+03 1.663000000000000000e+03 1.127000000000000000e+03 1.371000000000000000e+03
1.762000000000000000e+03 1.943000000000000000e+03 7.290000000000000000e+02 7.350000000000000000e+02 5.070000000000000000e+02 9.210000000000000000e+02 2.900000000000000000e+02 8.300000000000000000e+02 1.115000000000000000e+03 4.460000000000000000e+02
1.980000000000000000e+03 2.160000000000000000e+03 5.250000000000000000e+02 9.520000000000000000e+02 7.240000000000000000e+02 7.170000000000000000e+02 3.080000000000000000e+02 8.480000000000000000e+02 1.332000000000000000e+03 4.640000000000000000e+02
1.381000000000000000e+03 1.561000000000000000e+03 7.500000000000000000e+02 7.850000000000000000e+02 8.930000000000000000e+02 4.430000000000000000e+02 9.820000000000000000e+02 1.543000000000000000e+03 1.165000000000000000e+03 1.138000000000000000e+03
3.680000000000000000e+02 6.470000000000000000e+02 1.807000000000000000e+03 1.136000000000000000e+03 1.444000000000000000e+03 1.873000000000000000e+03 1.861000000000000000e+03 1.532000000000000000e+03 7.600000000000000000e+02 1.763000000000000000e+03
9.660000000000000000e+02 1.146000000000000000e+03 1.300000000000000000e+03 5.980000000000000000e+02 7.850000000000000000e+02 9.920000000000000000e+02 1.376000000000000000e+03 1.466000000000000000e+03 9.300000000000000000e+02 1.174000000000000000e+03
1.620000000000000000e+02 3.420000000000000000e+02 1.716000000000000000e+03 1.045000000000000000e+03 1.232000000000000000e+03 1.782000000000000000e+03 1.771000000000000000e+03 1.770000000000000000e+03 8.680000000000000000e+02 1.927000000000000000e+03
