1.439000000000000000e+03 1.078000000000000000e+03 1.190000000000000000e+03 1.954000000000000000e+03 1.602000000000000000e+03 1.626000000000000000e+03 1.088000000000000000e+03 1.096000000000000000e+03 7.940000000000000000e+02 8.970000000000000000e+02
1.554000000000000000e+03 1.192000000000000000e+03 1.304000000000000000e+03 1.836000000000000000e+03 1.483000000000000000e+03 1.639000000000000000e+03 1.203000000000000000e+03 3.520000000000000000e+02 1.558000000000000000e+03 7.350000000000000000e+02
1.198000000000000000e+03 8.360000000000000000e+02 9.480000000000000000e+02 1.713000000000000000e+03 1.360000000000000000e+03 1.385000000000000000e+03 8.470000000000000000e+02 8.960000000000000000e+02 9.500000000000000000e+02 7.550000000000000000e+02
1.120000000000000000e+03 7.370000000000000000e+02 8.490000000000000000e+02 1.241000000000000000e+03 8.880000000000000000e+02 1.009000000000000000e+03 5.220000000000000000e+02 4.730000000000000000e+02 1.784000000000000000e+03 1.447000000000000000e+03
1.950000000000000000e+03 1.517000000000000000e+03 1.629000000000000000e+03 1.879000000000000000e+03 1.527000000000000000e+03 1.682000000000000000e+03 1.198000000000000000e+03 6.440000000000000000e+02 2.323000000000000000e+03 1.295000000000000000e+03
8.880000000000000000e+02 1.063000000000000000e+03 1.070000000000000000e+03 1.709000000000000000e+03 1.395000000000000000e+03 1.176000000000000000e+03 1.205000000000000000e+03 1.435000000000000000e+03 6.550000000000000000e+02 1.803000000000000000e+03
1.200000000000000000e+03 9.240000000000000000e+02 1.035000000000000000e+03 2.020000000000000000e+03 1.599000000000000000e+03 1.488000000000000000e+03 1.085000000000000000e+03 1.292000000000000000e+03 7.450000000000000000e+02 1.660000000000000000e+03
8.760000000000000000e+02 5.960000000000000000e+02 7.070000000000000000e+02 1.624000000000000000e+03 1.271000000000000000e+03 1.164000000000000000e+03 7.580000000000000000e+02 1.091000000000000000e+03 9.220000000000000000e+02 1.562000000000000000e+03
1.449000000000000000e+03 1.138000000000000000e+03 1.250000000000000000e+03 2.015000000000000000e+03 1.662000000000000000e+03 1.686000000000000000e+03 1.149000000000000000e+03 1.156000000000000000e+03 4.620000000000000000e+02 9.990000000000000000e+02
1.369000000000000000e+03 1.008000000000000000e+03 1.120000000000000000e+03 1.884000000000000000e+03 1.531000000000000000e+03 1.556000000000000000e+03 1.018000000000000000e+03 7.870000000000000000e+02 8.710000000000000000e+02 5.480000000000000000e+02
