1.037000000000000000e+03 7.810000000000000000e+02 4.140000000000000000e+02 1.169000000000000000e+03 9.380000000000000000e+02 7.090000000000000000e+02 7.020000000000000000e+02 1.540000000000000000e+02 5.830000000000000000e+02 7.130000000000000000e+02
1.354000000000000000e+03 3.060000000000000000e+02 4.670000000000000000e+02 1.486000000000000000e+03 1.255000000000000000e+03 1.121000000000000000e+03 7.310000000000000000e+02 5.860000000000000000e+02 5.590000000000000000e+02 6.570000000000000000e+02
1.916000000000000000e+03 1.400000000000000000e+03 1.412000000000000000e+03 1.985000000000000000e+03 1.966000000000000000e+03 1.787000000000000000e+03 1.561000000000000000e+03 1.767000000000000000e+03 1.452000000000000000e+03 1.137000000000000000e+03
8.870000000000000000e+02 6.190000000000000000e+02 3.120000000000000000e+02 1.019000000000000000e+03 7.880000000000000000e+02 4.430000000000000000e+02 2.640000000000000000e+02 4.090000000000000000e+02 3.460000000000000000e+02 5.350000000000000000e+02
1.593000000000000000e+03 1.077000000000000000e+03 1.089000000000000000e+03 1.662000000000000000e+03 1.643000000000000000e+03 1.463000000000000000e+03 1.238000000000000000e+03 1.444000000000000000e+03 1.129000000000000000e+03 8.140000000000000000e+02
1.810000000000000000e+03 1.294000000000000000e+03 1.306000000000000000e+03 1.879000000000000000e+03 1.860000000000000000e+03 1.681000000000000000e+03 1.455000000000000000e+03 1.661000000000000000e+03 1.346000000000000000e+03 1.031000000000000000e+03
1.361000000000000000e+03 3.460000000000000000e+02 6.040000000000000000e+02 1.697000000000000000e+03 1.262000000000000000e+03 1.082000000000000000e+03 8.180000000000000000e+02 9.570000000000000000e+02 6.000000000000000000e+02 6.280000000000000000e+02
1.750000000000000000e+02 1.342000000000000000e+03 1.180000000000000000e+03 2.080000000000000000e+02 1.810000000000000000e+02 4.910000000000000000e+02 8.600000000000000000e+02 1.025000000000000000e+03 1.090000000000000000e+03 1.006000000000000000e+03
9.450000000000000000e+02 4.500000000000000000e+02 1.160000000000000000e+02 1.077000000000000000e+03 8.460000000000000000e+02 6.430000000000000000e+02 3.220000000000000000e+02 4.750000000000000000e+02 1.500000000000000000e+02 3.380000000000000000e+02
3.670000000000000000e+02 1.251000000000000000e+03 1.019000000000000000e+03 4.470000000000000000e+02 2.020000000000000000e+02 3.300000000000000000e+02 5.990000000000000000e+02 8.640000000000000000e+02 9.990000000000000000e+02 9.150000000000000000e+02
