1.293000000000000000e+03 1.496000000000000000e+03 7.030000000000000000e+02 8.410000000000000000e+02 3.600000000000000000e+02 1.596000000000000000e+03 2.870000000000000000e+02 1.650000000000000000e+03 2.560000000000000000e+02 6.260000000000000000e+02
6.450000000000000000e+02 7.400000000000000000e+02 1.730000000000000000e+02 1.710000000000000000e+02 6.930000000000000000e+02 1.633000000000000000e+03 1.061000000000000000e+03 8.950000000000000000e+02 1.020000000000000000e+03 9.140000000000000000e+02
1.094000000000000000e+03 1.296000000000000000e+03 4.660000000000000000e+02 6.990000000000000000e+02 3.940000000000000000e+02 1.354000000000000000e+03 4.450000000000000000e+02 1.451000000000000000e+03 4.120000000000000000e+02 5.580000000000000000e+02
2.330000000000000000e+02 7.070000000000000000e+02 8.860000000000000000e+02 8.920000000000000000e+02 1.209000000000000000e+03 1.444000000000000000e+03 1.435000000000000000e+03 8.610000000000000000e+02 1.165000000000000000e+03 9.720000000000000000e+02
5.390000000000000000e+02 1.160000000000000000e+02 1.143000000000000000e+03 9.230000000000000000e+02 1.512000000000000000e+03 1.983000000000000000e+03 1.974000000000000000e+03 2.270000000000000000e+02 1.704000000000000000e+03 1.511000000000000000e+03
1.872000000000000000e+03 1.835000000000000000e+03 1.249000000000000000e+03 1.456000000000000000e+03 1.366000000000000000e+03 5.320000000000000000e+02 9.230000000000000000e+02 1.990000000000000000e+03 7.880000000000000000e+02 7.550000000000000000e+02
1.730000000000000000e+03 1.692000000000000000e+03 1.106000000000000000e+03 1.313000000000000000e+03 1.138000000000000000e+03 6.120000000000000000e+02 1.026000000000000000e+03 1.847000000000000000e+03 6.460000000000000000e+02 6.120000000000000000e+02
1.228000000000000000e+03 1.491000000000000000e+03 1.008000000000000000e+03 1.178000000000000000e+03 9.760000000000000000e+02 6.990000000000000000e+02 8.930000000000000000e+02 1.646000000000000000e+03 4.840000000000000000e+02 3.640000000000000000e+02
1.354000000000000000e+03 1.556000000000000000e+03 8.040000000000000000e+02 9.420000000000000000e+02 4.610000000000000000e+02 1.272000000000000000e+03 2.010000000000000000e+02 1.711000000000000000e+03 2.160000000000000000e+02 5.530000000000000000e+02
1.067000000000000000e+03 1.175000000000000000e+03 3.320000000000000000e+02 4.910000000000000000e+02 1.530000000000000000e+02 1.526000000000000000e+03 4.850000000000000000e+02 1.329000000000000000e+03 5.180000000000000000e+02 7.300000000000000000e+02
