0.000000000000000000e+00 7.270000000000000000e+02 2.149000000000000000e+03 5.450000000000000000e+02 1.571000000000000000e+03 1.777000000000000000e+03 1.072000000000000000e+03 1.034000000000000000e+03 4.370000000000000000e+02 8.530000000000000000e+02
6.790000000000000000e+02 0.000000000000000000e+00 2.093000000000000000e+03 7.620000000000000000e+02 1.514000000000000000e+03 1.721000000000000000e+03 6.030000000000000000e+02 1.352000000000000000e+03 4.990000000000000000e+02 1.213000000000000000e+03
1.813000000000000000e+03 1.238000000000000000e+03 0.000000000000000000e+00 1.602000000000000000e+03 4.050000000000000000e+02 2.170000000000000000e+02 1.007000000000000000e+03 2.063000000000000000e+03 1.440000000000000000e+03 1.924000000000000000e+03
4.550000000000000000e+02 7.260000000000000000e+02 1.971000000000000000e+03 0.000000000000000000e+00 1.393000000000000000e+03 1.599000000000000000e+03 8.260000000000000000e+02 8.840000000000000000e+02 1.970000000000000000e+02 6.250000000000000000e+02
1.490000000000000000e+03 1.473000000000000000e+03 3.930000000000000000e+02 1.279000000000000000e+03 0.000000000000000000e+00 2.290000000000000000e+02 9.950000000000000000e+02 1.740000000000000000e+03 1.117000000000000000e+03 1.600000000000000000e+03
1.707000000000000000e+03 1.690000000000000000e+03 1.880000000000000000e+02 1.496000000000000000e+03 1.880000000000000000e+02 0.000000000000000000e+00 1.212000000000000000e+03 1.957000000000000000e+03 1.334000000000000000e+03 1.818000000000000000e+03
1.050000000000000000e+03 4.720000000000000000e+02 1.215000000000000000e+03 8.190000000000000000e+02 8.900000000000000000e+02 1.128000000000000000e+03 0.000000000000000000e+00 1.358000000000000000e+03 7.330000000000000000e+02 1.219000000000000000e+03
9.780000000000000000e+02 1.664000000000000000e+03 2.260000000000000000e+03 9.260000000000000000e+02 1.681000000000000000e+03 1.888000000000000000e+03 1.476000000000000000e+03 0.000000000000000000e+00 1.064000000000000000e+03 3.790000000000000000e+02
5.210000000000000000e+02 5.580000000000000000e+02 1.775000000000000000e+03 2.630000000000000000e+02 1.196000000000000000e+03 1.403000000000000000e+03 6.290000000000000000e+02 9.430000000000000000e+02 0.000000000000000000e+00 8.040000000000000000e+02
8.170000000000000000e+02 1.442000000000000000e+03 2.169000000000000000e+03 7.650000000000000000e+02 1.591000000000000000e+03 1.797000000000000000e+03 1.385000000000000000e+03 2.670000000000000000e+02 9.030000000000000000e+02 0.000000000000000000e+00
