9.470000000000000000e+02 1.070000000000000000e+03 3.070000000000000000e+02 3.090000000000000000e+02 4.560000000000000000e+02 1.624000000000000000e+03 7.890000000000000000e+02 1.245000000000000000e+03 8.220000000000000000e+02 8.280000000000000000e+02
1.265000000000000000e+03 1.468000000000000000e+03 7.150000000000000000e+02 8.530000000000000000e+02 3.720000000000000000e+02 1.568000000000000000e+03 2.230000000000000000e+02 1.622000000000000000e+03 3.100000000000000000e+02 6.560000000000000000e+02
1.915000000000000000e+03 2.178000000000000000e+03 1.695000000000000000e+03 1.865000000000000000e+03 1.887000000000000000e+03 2.880000000000000000e+02 1.313000000000000000e+03 2.333000000000000000e+03 1.298000000000000000e+03 1.105000000000000000e+03
7.980000000000000000e+02 8.800000000000000000e+02 2.400000000000000000e+02 2.630000000000000000e+02 5.250000000000000000e+02 1.446000000000000000e+03 7.880000000000000000e+02 1.035000000000000000e+03 7.560000000000000000e+02 6.500000000000000000e+02
1.592000000000000000e+03 1.855000000000000000e+03 1.372000000000000000e+03 1.542000000000000000e+03 1.564000000000000000e+03 1.210000000000000000e+02 1.516000000000000000e+03 2.010000000000000000e+03 9.750000000000000000e+02 7.810000000000000000e+02
1.809000000000000000e+03 2.072000000000000000e+03 1.589000000000000000e+03 1.759000000000000000e+03 1.781000000000000000e+03 1.800000000000000000e+02 1.733000000000000000e+03 2.227000000000000000e+03 1.192000000000000000e+03 9.990000000000000000e+02
1.271000000000000000e+03 1.474000000000000000e+03 9.890000000000000000e+02 1.196000000000000000e+03 7.430000000000000000e+02 9.430000000000000000e+02 6.610000000000000000e+02 1.628000000000000000e+03 2.510000000000000000e+02 5.030000000000000000e+02
2.530000000000000000e+02 3.720000000000000000e+02 9.670000000000000000e+02 7.470000000000000000e+02 1.296000000000000000e+03 1.735000000000000000e+03 1.726000000000000000e+03 5.260000000000000000e+02 1.456000000000000000e+03 1.263000000000000000e+03
8.560000000000000000e+02 1.058000000000000000e+03 2.550000000000000000e+02 4.630000000000000000e+02 5.480000000000000000e+02 1.250000000000000000e+03 6.200000000000000000e+02 1.213000000000000000e+03 5.870000000000000000e+02 4.540000000000000000e+02
3.610000000000000000e+02 2.550000000000000000e+02 8.060000000000000000e+02 5.860000000000000000e+02 1.135000000000000000e+03 1.644000000000000000e+03 1.504000000000000000e+03 4.090000000000000000e+02 1.365000000000000000e+03 1.172000000000000000e+03
