8.760000000000000000e+02 7.680000000000000000e+02 6.040000000000000000e+02 1.726000000000000000e+03 -1.000000000000000000e+00 1.760000000000000000e+02 1.147000000000000000e+03 1.319000000000000000e+03 8.130000000000000000e+02 1.027000000000000000e+03
4.010000000000000000e+02 1.128000000000000000e+03 7.030000000000000000e+02 1.157000000000000000e+03 -1.000000000000000000e+00 7.210000000000000000e+02 1.465000000000000000e+03 8.790000000000000000e+02 8.430000000000000000e+02 1.345000000000000000e+03
1.314000000000000000e+03 1.839000000000000000e+03 1.618000000000000000e+03 3.450000000000000000e+02 -1.000000000000000000e+00 1.848000000000000000e+03 2.076000000000000000e+03 6.340000000000000000e+02 1.554000000000000000e+03 2.056000000000000000e+03
5.840000000000000000e+02 5.400000000000000000e+02 1.660000000000000000e+02 1.548000000000000000e+03 -1.000000000000000000e+00 2.970000000000000000e+02 9.970000000000000000e+02 1.141000000000000000e+03 3.750000000000000000e+02 8.770000000000000000e+02
9.910000000000000000e+02 1.516000000000000000e+03 1.295000000000000000e+03 6.920000000000000000e+02 -1.000000000000000000e+00 1.525000000000000000e+03 1.752000000000000000e+03 7.990000000000000000e+02 1.231000000000000000e+03 1.733000000000000000e+03
1.208000000000000000e+03 1.733000000000000000e+03 1.512000000000000000e+03 4.890000000000000000e+02 -1.000000000000000000e+00 1.742000000000000000e+03 1.970000000000000000e+03 5.660000000000000000e+02 1.448000000000000000e+03 1.950000000000000000e+03
2.180000000000000000e+02 1.134000000000000000e+03 7.900000000000000000e+02 9.360000000000000000e+02 -1.000000000000000000e+00 1.092000000000000000e+03 1.471000000000000000e+03 5.290000000000000000e+02 8.490000000000000000e+02 1.351000000000000000e+03
1.472000000000000000e+03 2.980000000000000000e+02 7.540000000000000000e+02 2.376000000000000000e+03 -1.000000000000000000e+00 8.840000000000000000e+02 1.420000000000000000e+02 1.562000000000000000e+03 7.250000000000000000e+02 1.140000000000000000e+02
3.880000000000000000e+02 7.190000000000000000e+02 2.940000000000000000e+02 1.351000000000000000e+03 -1.000000000000000000e+00 4.080000000000000000e+02 1.056000000000000000e+03 9.450000000000000000e+02 4.340000000000000000e+02 9.360000000000000000e+02
1.381000000000000000e+03 2.030000000000000000e+02 5.940000000000000000e+02 2.286000000000000000e+03 -1.000000000000000000e+00 7.230000000000000000e+02 3.800000000000000000e+02 1.471000000000000000e+03 6.340000000000000000e+02 1.980000000000000000e+02
