0.000000000000000000e+00 5.450000000000000000e+02 8.250000000000000000e+02 6.960000000000000000e+02 1.148000000000000000e+03 1.654000000000000000e+03 1.645000000000000000e+03 7.000000000000000000e+02 1.375000000000000000e+03 1.182000000000000000e+03
4.970000000000000000e+02 0.000000000000000000e+00 1.012000000000000000e+03 7.920000000000000000e+02 1.393000000000000000e+03 1.941000000000000000e+03 1.725000000000000000e+03 1.920000000000000000e+02 1.662000000000000000e+03 1.469000000000000000e+03
9.060000000000000000e+02 1.013000000000000000e+03 0.000000000000000000e+00 2.370000000000000000e+02 4.620000000000000000e+02 1.481000000000000000e+03 8.310000000000000000e+02 1.168000000000000000e+03 7.740000000000000000e+02 6.850000000000000000e+02
6.390000000000000000e+02 7.990000000000000000e+02 2.200000000000000000e+02 0.000000000000000000e+00 6.010000000000000000e+02 1.698000000000000000e+03 9.330000000000000000e+02 9.540000000000000000e+02 9.660000000000000000e+02 9.170000000000000000e+02
1.198000000000000000e+03 1.305000000000000000e+03 4.630000000000000000e+02 6.220000000000000000e+02 0.000000000000000000e+00 1.656000000000000000e+03 3.210000000000000000e+02 1.460000000000000000e+03 4.790000000000000000e+02 8.600000000000000000e+02
1.627000000000000000e+03 1.891000000000000000e+03 1.408000000000000000e+03 1.578000000000000000e+03 1.600000000000000000e+03 0.000000000000000000e+00 1.551000000000000000e+03 2.045000000000000000e+03 1.010000000000000000e+03 8.170000000000000000e+02
1.517000000000000000e+03 1.719000000000000000e+03 8.640000000000000000e+02 1.002000000000000000e+03 3.540000000000000000e+02 1.703000000000000000e+03 0.000000000000000000e+00 1.874000000000000000e+03 5.910000000000000000e+02 9.170000000000000000e+02
6.120000000000000000e+02 1.310000000000000000e+02 1.075000000000000000e+03 8.540000000000000000e+02 1.455000000000000000e+03 2.057000000000000000e+03 1.788000000000000000e+03 0.000000000000000000e+00 1.778000000000000000e+03 1.585000000000000000e+03
1.366000000000000000e+03 1.568000000000000000e+03 8.550000000000000000e+02 1.043000000000000000e+03 5.620000000000000000e+02 1.182000000000000000e+03 5.370000000000000000e+02 1.723000000000000000e+03 0.000000000000000000e+00 3.960000000000000000e+02
1.137000000000000000e+03 1.401000000000000000e+03 7.570000000000000000e+02 1.088000000000000000e+03 9.490000000000000000e+02 7.990000000000000000e+02 8.100000000000000000e+02 1.555000000000000000e+03 2.560000000000000000e+02 0.000000000000000000e+00
