1.806000000000000000e+03 1.445000000000000000e+03 1.487000000000000000e+03 1.739000000000000000e+03 1.653000000000000000e+03 1.895000000000000000e+03 2.152000000000000000e+03 2.316000000000000000e+03 2.318000000000000000e+03 1.598000000000000000e+03
1.750000000000000000e+03 1.388000000000000000e+03 1.430000000000000000e+03 1.683000000000000000e+03 1.597000000000000000e+03 1.838000000000000000e+03 2.096000000000000000e+03 2.260000000000000000e+03 2.261000000000000000e+03 1.542000000000000000e+03
1.885000000000000000e+03 1.157000000000000000e+03 1.094000000000000000e+03 8.620000000000000000e+02 1.907000000000000000e+03 1.315000000000000000e+03 1.538000000000000000e+03 1.605000000000000000e+03 1.704000000000000000e+03 1.027000000000000000e+03
1.419000000000000000e+03 1.267000000000000000e+03 1.309000000000000000e+03 1.562000000000000000e+03 1.266000000000000000e+03 1.717000000000000000e+03 1.974000000000000000e+03 2.138000000000000000e+03 2.140000000000000000e+03 1.420000000000000000e+03
1.561000000000000000e+03 8.340000000000000000e+02 6.090000000000000000e+02 3.770000000000000000e+02 1.584000000000000000e+03 8.300000000000000000e+02 1.053000000000000000e+03 1.120000000000000000e+03 1.219000000000000000e+03 5.410000000000000000e+02
1.778000000000000000e+03 1.051000000000000000e+03 6.270000000000000000e+02 3.950000000000000000e+02 1.801000000000000000e+03 8.480000000000000000e+02 1.071000000000000000e+03 1.138000000000000000e+03 1.237000000000000000e+03 5.600000000000000000e+02
1.592000000000000000e+03 1.330000000000000000e+03 1.227000000000000000e+03 9.710000000000000000e+02 1.615000000000000000e+03 1.543000000000000000e+03 1.766000000000000000e+03 1.833000000000000000e+03 1.932000000000000000e+03 1.254000000000000000e+03
7.050000000000000000e+02 1.122000000000000000e+03 1.531000000000000000e+03 1.850000000000000000e+03 5.670000000000000000e+02 1.644000000000000000e+03 2.061000000000000000e+03 2.066000000000000000e+03 2.171000000000000000e+03 1.545000000000000000e+03
1.391000000000000000e+03 1.070000000000000000e+03 1.112000000000000000e+03 1.365000000000000000e+03 1.238000000000000000e+03 1.520000000000000000e+03 1.777000000000000000e+03 1.941000000000000000e+03 1.943000000000000000e+03 1.224000000000000000e+03
9.430000000000000000e+02 1.361000000000000000e+03 1.559000000000000000e+03 1.759000000000000000e+03 8.050000000000000000e+02 1.883000000000000000e+03 2.555000000000000000e+03 2.304000000000000000e+03 2.410000000000000000e+03 1.670000000000000000e+03
