1.383000000000000000e+03 2.760000000000000000e+02 4.950000000000000000e+02 1.515000000000000000e+03 1.284000000000000000e+03 1.108000000000000000e+03 7.600000000000000000e+02 5.730000000000000000e+02 5.870000000000000000e+02 6.850000000000000000e+02
7.340000000000000000e+02 8.830000000000000000e+02 5.760000000000000000e+02 8.660000000000000000e+02 6.350000000000000000e+02 2.440000000000000000e+02 4.920000000000000000e+02 4.030000000000000000e+02 6.100000000000000000e+02 7.990000000000000000e+02
1.183000000000000000e+03 2.750000000000000000e+02 2.160000000000000000e+02 1.315000000000000000e+03 1.084000000000000000e+03 8.710000000000000000e+02 5.600000000000000000e+02 4.310000000000000000e+02 3.880000000000000000e+02 4.430000000000000000e+02
3.090000000000000000e+02 1.051000000000000000e+03 9.890000000000000000e+02 3.720000000000000000e+02 4.310000000000000000e+02 5.040000000000000000e+02 5.950000000000000000e+02 1.116000000000000000e+03 7.990000000000000000e+02 7.150000000000000000e+02
4.610000000000000000e+02 1.590000000000000000e+03 1.395000000000000000e+03 4.870000000000000000e+02 3.970000000000000000e+02 7.060000000000000000e+02 1.109000000000000000e+03 1.201000000000000000e+03 1.338000000000000000e+03 1.254000000000000000e+03
1.874000000000000000e+03 8.830000000000000000e+02 9.660000000000000000e+02 1.943000000000000000e+03 1.623000000000000000e+03 1.443000000000000000e+03 1.179000000000000000e+03 1.320000000000000000e+03 9.620000000000000000e+02 9.890000000000000000e+02
1.731000000000000000e+03 7.410000000000000000e+02 8.230000000000000000e+02 1.800000000000000000e+03 1.480000000000000000e+03 1.301000000000000000e+03 1.036000000000000000e+03 1.178000000000000000e+03 8.190000000000000000e+02 8.470000000000000000e+02
1.229000000000000000e+03 5.780000000000000000e+02 7.250000000000000000e+02 1.298000000000000000e+03 1.279000000000000000e+03 1.099000000000000000e+03 8.740000000000000000e+02 1.079000000000000000e+03 7.650000000000000000e+02 4.500000000000000000e+02
1.443000000000000000e+03 3.050000000000000000e+02 5.560000000000000000e+02 1.575000000000000000e+03 1.344000000000000000e+03 1.209000000000000000e+03 8.200000000000000000e+02 6.740000000000000000e+02 6.470000000000000000e+02 7.450000000000000000e+02
1.156000000000000000e+03 4.650000000000000000e+02 3.160000000000000000e+02 1.288000000000000000e+03 1.057000000000000000e+03 7.380000000000000000e+02 6.570000000000000000e+02 2.240000000000000000e+02 4.850000000000000000e+02 6.150000000000000000e+02
