1.467000000000000000e+03 1.106000000000000000e+03 1.218000000000000000e+03 1.982000000000000000e+03 1.630000000000000000e+03 1.654000000000000000e+03 1.116000000000000000e+03 7.200000000000000000e+02 1.175000000000000000e+03 2.850000000000000000e+02
1.411000000000000000e+03 1.050000000000000000e+03 1.162000000000000000e+03 1.926000000000000000e+03 1.573000000000000000e+03 1.598000000000000000e+03 1.060000000000000000e+03 1.068000000000000000e+03 5.540000000000000000e+02 9.100000000000000000e+02
8.920000000000000000e+02 8.720000000000000000e+02 1.075000000000000000e+03 1.713000000000000000e+03 1.399000000000000000e+03 1.181000000000000000e+03 1.275000000000000000e+03 1.778000000000000000e+03 1.045000000000000000e+03 2.249000000000000000e+03
1.290000000000000000e+03 9.280000000000000000e+02 1.040000000000000000e+03 1.805000000000000000e+03 1.452000000000000000e+03 1.476000000000000000e+03 9.390000000000000000e+02 4.920000000000000000e+02 1.221000000000000000e+03 7.410000000000000000e+02
4.070000000000000000e+02 5.490000000000000000e+02 5.890000000000000000e+02 1.228000000000000000e+03 9.140000000000000000e+02 6.950000000000000000e+02 9.520000000000000000e+02 1.455000000000000000e+03 1.180000000000000000e+03 1.926000000000000000e+03
4.250000000000000000e+02 7.660000000000000000e+02 6.070000000000000000e+02 1.246000000000000000e+03 9.320000000000000000e+02 7.140000000000000000e+02 1.169000000000000000e+03 1.672000000000000000e+03 9.770000000000000000e+02 2.143000000000000000e+03
1.120000000000000000e+03 8.400000000000000000e+02 9.510000000000000000e+02 1.868000000000000000e+03 1.515000000000000000e+03 1.408000000000000000e+03 1.002000000000000000e+03 1.074000000000000000e+03 7.010000000000000000e+02 1.281000000000000000e+03
1.672000000000000000e+03 1.128000000000000000e+03 1.503000000000000000e+03 1.601000000000000000e+03 1.248000000000000000e+03 1.404000000000000000e+03 9.130000000000000000e+02 4.290000000000000000e+02 2.075000000000000000e+03 1.331000000000000000e+03
1.093000000000000000e+03 7.310000000000000000e+02 8.440000000000000000e+02 1.608000000000000000e+03 1.255000000000000000e+03 1.280000000000000000e+03 7.420000000000000000e+02 6.580000000000000000e+02 1.025000000000000000e+03 9.100000000000000000e+02
1.539000000000000000e+03 1.178000000000000000e+03 1.290000000000000000e+03 1.839000000000000000e+03 1.487000000000000000e+03 1.642000000000000000e+03 1.188000000000000000e+03 2.680000000000000000e+02 1.984000000000000000e+03 1.170000000000000000e+03
