6.660000000000000000e+02 1.460000000000000000e+02 2.121000000000000000e+03 7.900000000000000000e+02 1.543000000000000000e+03 1.749000000000000000e+03 5.490000000000000000e+02 1.380000000000000000e+03 5.270000000000000000e+02 1.241000000000000000e+03
4.490000000000000000e+02 1.000000000000000000e+03 2.159000000000000000e+03 3.230000000000000000e+02 1.580000000000000000e+03 1.787000000000000000e+03 1.090000000000000000e+03 7.320000000000000000e+02 4.610000000000000000e+02 4.860000000000000000e+02
5.240000000000000000e+02 3.830000000000000000e+02 1.880000000000000000e+03 4.720000000000000000e+02 1.301000000000000000e+03 1.508000000000000000e+03 6.190000000000000000e+02 1.181000000000000000e+03 2.420000000000000000e+02 1.042000000000000000e+03
1.162000000000000000e+03 1.373000000000000000e+03 1.969000000000000000e+03 8.700000000000000000e+02 1.390000000000000000e+03 1.597000000000000000e+03 1.185000000000000000e+03 5.110000000000000000e+02 8.780000000000000000e+02 4.900000000000000000e+02
1.046000000000000000e+03 1.912000000000000000e+03 2.508000000000000000e+03 1.142000000000000000e+03 1.930000000000000000e+03 2.136000000000000000e+03 1.724000000000000000e+03 3.070000000000000000e+02 1.279000000000000000e+03 5.770000000000000000e+02
1.367000000000000000e+03 8.490000000000000000e+02 3.310000000000000000e+02 1.180000000000000000e+03 6.030000000000000000e+02 4.630000000000000000e+02 5.370000000000000000e+02 1.720000000000000000e+03 9.940000000000000000e+02 1.580000000000000000e+03
1.224000000000000000e+03 9.040000000000000000e+02 6.520000000000000000e+02 1.038000000000000000e+03 6.820000000000000000e+02 5.420000000000000000e+02 3.950000000000000000e+02 1.577000000000000000e+03 8.510000000000000000e+02 1.438000000000000000e+03
1.126000000000000000e+03 7.050000000000000000e+02 9.710000000000000000e+02 9.150000000000000000e+02 6.460000000000000000e+02 8.850000000000000000e+02 2.660000000000000000e+02 1.376000000000000000e+03 7.530000000000000000e+02 1.236000000000000000e+03
7.670000000000000000e+02 8.800000000000000000e+01 1.195000000000000000e+03 8.510000000000000000e+02 1.219000000000000000e+03 1.130000000000000000e+03 4.370000000000000000e+02 1.440000000000000000e+03 5.870000000000000000e+02 1.301000000000000000e+03
3.170000000000000000e+02 4.230000000000000000e+02 2.051000000000000000e+03 4.660000000000000000e+02 1.472000000000000000e+03 1.679000000000000000e+03 7.680000000000000000e+02 1.154000000000000000e+03 3.390000000000000000e+02 9.200000000000000000e+02
