3.710000000000000000e+02 1.156000000000000000e+03 7.320000000000000000e+02 1.225000000000000000e+03 -1.000000000000000000e+00 7.080000000000000000e+02 1.493000000000000000e+03 1.057000000000000000e+03 8.710000000000000000e+02 1.373000000000000000e+03
8.480000000000000000e+02 4.010000000000000000e+02 3.940000000000000000e+02 2.275000000000000000e+03 -1.000000000000000000e+00 2.930000000000000000e+02 8.450000000000000000e+02 1.405000000000000000e+03 3.710000000000000000e+02 7.250000000000000000e+02
3.700000000000000000e+02 9.570000000000000000e+02 5.700000000000000000e+02 1.545000000000000000e+03 -1.000000000000000000e+00 5.660000000000000000e+02 1.294000000000000000e+03 1.127000000000000000e+03 6.720000000000000000e+02 1.174000000000000000e+03
1.181000000000000000e+03 4.090000000000000000e+02 6.520000000000000000e+02 2.086000000000000000e+03 -1.000000000000000000e+00 1.004000000000000000e+03 4.720000000000000000e+02 1.271000000000000000e+03 4.600000000000000000e+02 5.210000000000000000e+02
1.720000000000000000e+03 5.130000000000000000e+02 9.700000000000000000e+02 2.625000000000000000e+03 -1.000000000000000000e+00 1.060000000000000000e+03 4.200000000000000000e+02 1.810000000000000000e+03 9.730000000000000000e+02 2.380000000000000000e+02
7.560000000000000000e+02 1.496000000000000000e+03 1.151000000000000000e+03 2.380000000000000000e+02 -1.000000000000000000e+00 1.401000000000000000e+03 2.033000000000000000e+03 3.200000000000000000e+02 1.211000000000000000e+03 1.713000000000000000e+03
6.130000000000000000e+02 1.353000000000000000e+03 1.008000000000000000e+03 5.220000000000000000e+02 -1.000000000000000000e+00 1.259000000000000000e+03 1.891000000000000000e+03 1.160000000000000000e+02 1.068000000000000000e+03 1.570000000000000000e+03
5.020000000000000000e+02 1.152000000000000000e+03 9.310000000000000000e+02 7.590000000000000000e+02 -1.000000000000000000e+00 1.161000000000000000e+03 1.388000000000000000e+03 3.530000000000000000e+02 8.670000000000000000e+02 1.369000000000000000e+03
2.720000000000000000e+02 1.216000000000000000e+03 7.920000000000000000e+02 1.065000000000000000e+03 -1.000000000000000000e+00 8.090000000000000000e+02 1.553000000000000000e+03 7.870000000000000000e+02 9.310000000000000000e+02 1.433000000000000000e+03
5.600000000000000000e+02 8.350000000000000000e+02 5.240000000000000000e+02 1.695000000000000000e+03 -1.000000000000000000e+00 3.590000000000000000e+02 1.267000000000000000e+03 1.276000000000000000e+03 7.690000000000000000e+02 1.147000000000000000e+03
