9.890000000000000000e+02 4.580000000000000000e+02 7.250000000000000000e+02 5.640000000000000000e+02 1.032000000000000000e+03 1.187000000000000000e+03 1.262000000000000000e+03 5.790000000000000000e+02 2.540000000000000000e+02 1.304000000000000000e+03
4.220000000000000000e+02 6.160000000000000000e+02 6.760000000000000000e+02 3.730000000000000000e+02 4.760000000000000000e+02 4.310000000000000000e+02 7.450000000000000000e+02 6.030000000000000000e+02 1.186000000000000000e+03 5.140000000000000000e+02
8.710000000000000000e+02 2.470000000000000000e+02 5.830000000000000000e+02 3.270000000000000000e+02 7.900000000000000000e+02 9.870000000000000000e+02 1.020000000000000000e+03 3.800000000000000000e+02 5.780000000000000000e+02 1.162000000000000000e+03
3.800000000000000000e+02 9.230000000000000000e+02 1.399000000000000000e+03 8.890000000000000000e+02 3.910000000000000000e+02 4.720000000000000000e+02 1.460000000000000000e+02 8.360000000000000000e+02 1.438000000000000000e+03 8.090000000000000000e+02
6.300000000000000000e+02 1.463000000000000000e+03 1.474000000000000000e+03 1.192000000000000000e+03 8.250000000000000000e+02 5.650000000000000000e+02 8.220000000000000000e+02 1.375000000000000000e+03 1.977000000000000000e+03 5.280000000000000000e+02
1.410000000000000000e+03 9.000000000000000000e+02 1.630000000000000000e+03 1.119000000000000000e+03 1.332000000000000000e+03 1.526000000000000000e+03 1.389000000000000000e+03 9.990000000000000000e+02 6.680000000000000000e+02 1.920000000000000000e+03
1.267000000000000000e+03 7.570000000000000000e+02 1.488000000000000000e+03 9.760000000000000000e+02 1.189000000000000000e+03 1.383000000000000000e+03 1.270000000000000000e+03 8.560000000000000000e+02 5.860000000000000000e+02 1.777000000000000000e+03
1.066000000000000000e+03 6.590000000000000000e+02 1.389000000000000000e+03 8.780000000000000000e+02 6.870000000000000000e+02 1.182000000000000000e+03 9.420000000000000000e+02 8.020000000000000000e+02 5.420000000000000000e+02 1.640000000000000000e+03
1.130000000000000000e+03 5.190000000000000000e+02 8.260000000000000000e+02 6.650000000000000000e+02 1.092000000000000000e+03 1.247000000000000000e+03 1.322000000000000000e+03 6.400000000000000000e+02 9.400000000000000000e+01 1.405000000000000000e+03
8.440000000000000000e+02 4.310000000000000000e+02 3.760000000000000000e+02 1.930000000000000000e+02 9.610000000000000000e+02 8.650000000000000000e+02 1.192000000000000000e+03 4.770000000000000000e+02 6.840000000000000000e+02 9.550000000000000000e+02
