9.280000000000000000e+02 1.583000000000000000e+03 2.179000000000000000e+03 7.780000000000000000e+02 1.600000000000000000e+03 1.807000000000000000e+03 1.395000000000000000e+03 3.670000000000000000e+02 9.160000000000000000e+02 3.290000000000000000e+02
9.150000000000000000e+02 1.663000000000000000e+03 2.467000000000000000e+03 1.045000000000000000e+03 1.888000000000000000e+03 2.094000000000000000e+03 1.682000000000000000e+03 2.650000000000000000e+02 1.183000000000000000e+03 4.480000000000000000e+02
2.960000000000000000e+02 7.690000000000000000e+02 2.006000000000000000e+03 2.840000000000000000e+02 1.427000000000000000e+03 1.634000000000000000e+03 8.610000000000000000e+02 9.930000000000000000e+02 2.310000000000000000e+02 7.580000000000000000e+02
3.240000000000000000e+02 8.710000000000000000e+02 2.223000000000000000e+03 3.260000000000000000e+02 1.645000000000000000e+03 1.851000000000000000e+03 1.093000000000000000e+03 7.250000000000000000e+02 4.640000000000000000e+02 5.440000000000000000e+02
4.470000000000000000e+02 3.840000000000000000e+02 2.181000000000000000e+03 5.970000000000000000e+02 1.603000000000000000e+03 1.809000000000000000e+03 7.290000000000000000e+02 1.284000000000000000e+03 4.690000000000000000e+02 1.050000000000000000e+03
1.525000000000000000e+03 1.508000000000000000e+03 2.710000000000000000e+02 1.315000000000000000e+03 1.190000000000000000e+02 1.810000000000000000e+02 1.030000000000000000e+03 1.775000000000000000e+03 1.152000000000000000e+03 1.636000000000000000e+03
8.270000000000000000e+02 2.670000000000000000e+02 1.379000000000000000e+03 8.950000000000000000e+02 1.650000000000000000e+03 1.856000000000000000e+03 7.130000000000000000e+02 1.603000000000000000e+03 7.500000000000000000e+02 1.464000000000000000e+03
9.780000000000000000e+02 1.726000000000000000e+03 2.582000000000000000e+03 1.180000000000000000e+03 2.003000000000000000e+03 2.210000000000000000e+03 1.798000000000000000e+03 3.810000000000000000e+02 1.318000000000000000e+03 5.710000000000000000e+02
8.680000000000000000e+02 3.150000000000000000e+02 1.707000000000000000e+03 8.630000000000000000e+02 1.129000000000000000e+03 1.335000000000000000e+03 2.770000000000000000e+02 1.452000000000000000e+03 5.990000000000000000e+02 1.313000000000000000e+03
8.740000000000000000e+02 7.020000000000000000e+02 1.324000000000000000e+03 8.250000000000000000e+02 7.460000000000000000e+02 9.520000000000000000e+02 4.050000000000000000e+02 1.285000000000000000e+03 5.010000000000000000e+02 1.146000000000000000e+03
