1.311000000000000000e+03 4.990000000000000000e+02 9.980000000000000000e+02 1.602000000000000000e+03 1.520000000000000000e+03 1.630000000000000000e+03 1.385000000000000000e+03 1.204000000000000000e+03 1.400000000000000000e+03 8.720000000000000000e+02
1.255000000000000000e+03 1.124000000000000000e+03 4.420000000000000000e+02 1.546000000000000000e+03 1.464000000000000000e+03 1.574000000000000000e+03 1.329000000000000000e+03 1.148000000000000000e+03 2.025000000000000000e+03 1.497000000000000000e+03
1.526000000000000000e+03 2.463000000000000000e+03 1.143000000000000000e+03 9.260000000000000000e+02 1.266000000000000000e+03 1.016000000000000000e+03 1.599000000000000000e+03 1.363000000000000000e+03 3.364000000000000000e+03 2.836000000000000000e+03
1.133000000000000000e+03 9.550000000000000000e+02 1.090000000000000000e+03 1.424000000000000000e+03 1.343000000000000000e+03 1.452000000000000000e+03 1.207000000000000000e+03 1.026000000000000000e+03 1.855000000000000000e+03 1.328000000000000000e+03
1.203000000000000000e+03 2.140000000000000000e+03 1.462000000000000000e+03 4.370000000000000000e+02 7.810000000000000000e+02 5.310000000000000000e+02 1.276000000000000000e+03 1.040000000000000000e+03 3.040000000000000000e+03 2.513000000000000000e+03
1.420000000000000000e+03 2.357000000000000000e+03 1.075000000000000000e+03 4.550000000000000000e+02 7.990000000000000000e+02 5.490000000000000000e+02 1.493000000000000000e+03 1.257000000000000000e+03 3.257000000000000000e+03 2.730000000000000000e+03
1.233000000000000000e+03 1.495000000000000000e+03 6.070000000000000000e+02 8.800000000000000000e+02 1.225000000000000000e+03 1.244000000000000000e+03 1.307000000000000000e+03 1.089000000000000000e+03 2.396000000000000000e+03 1.869000000000000000e+03
9.340000000000000000e+02 1.049000000000000000e+03 1.943000000000000000e+03 1.713000000000000000e+03 1.270000000000000000e+03 1.735000000000000000e+03 8.300000000000000000e+02 9.500000000000000000e+02 1.857000000000000000e+03 1.322000000000000000e+03
9.370000000000000000e+02 1.124000000000000000e+03 8.930000000000000000e+02 1.227000000000000000e+03 1.146000000000000000e+03 1.255000000000000000e+03 1.010000000000000000e+03 8.300000000000000000e+02 2.024000000000000000e+03 1.497000000000000000e+03
1.136000000000000000e+03 7.440000000000000000e+02 1.853000000000000000e+03 1.622000000000000000e+03 1.508000000000000000e+03 2.033000000000000000e+03 1.068000000000000000e+03 1.276000000000000000e+03 1.690000000000000000e+03 1.071000000000000000e+03
