7.080000000000000000e+02 4.690000000000000000e+02 4.760000000000000000e+02 1.085000000000000000e+03 1.178000000000000000e+03 1.603000000000000000e+03 1.203000000000000000e+03 9.670000000000000000e+02 7.780000000000000000e+02 3.040000000000000000e+02
5.800000000000000000e+01 8.920000000000000000e+02 3.320000000000000000e+02 1.420000000000000000e+03 1.538000000000000000e+03 1.120000000000000000e+03 7.630000000000000000e+02 7.940000000000000000e+02 9.200000000000000000e+01 3.620000000000000000e+02
1.579000000000000000e+03 1.826000000000000000e+03 1.528000000000000000e+03 1.790000000000000000e+03 2.248000000000000000e+03 3.720000000000000000e+02 7.890000000000000000e+02 1.051000000000000000e+03 1.149000000000000000e+03 1.735000000000000000e+03
6.580000000000000000e+02 2.600000000000000000e+02 3.600000000000000000e+02 8.750000000000000000e+02 9.500000000000000000e+02 1.425000000000000000e+03 1.025000000000000000e+03 7.890000000000000000e+02 8.180000000000000000e+02 3.720000000000000000e+02
1.255000000000000000e+03 1.503000000000000000e+03 1.205000000000000000e+03 1.467000000000000000e+03 1.925000000000000000e+03 6.370000000000000000e+02 6.830000000000000000e+02 7.280000000000000000e+02 1.321000000000000000e+03 1.411000000000000000e+03
1.473000000000000000e+03 1.720000000000000000e+03 1.422000000000000000e+03 1.684000000000000000e+03 2.142000000000000000e+03 4.330000000000000000e+02 7.210000000000000000e+02 9.450000000000000000e+02 1.082000000000000000e+03 1.629000000000000000e+03
3.210000000000000000e+02 1.147000000000000000e+03 5.660000000000000000e+02 1.503000000000000000e+03 1.544000000000000000e+03 8.130000000000000000e+02 4.130000000000000000e+02 4.220000000000000000e+02 3.870000000000000000e+02 7.330000000000000000e+02
1.596000000000000000e+03 7.090000000000000000e+02 1.227000000000000000e+03 3.910000000000000000e+02 4.350000000000000000e+02 1.845000000000000000e+03 1.446000000000000000e+03 1.209000000000000000e+03 1.756000000000000000e+03 1.144000000000000000e+03
4.900000000000000000e+02 4.140000000000000000e+02 1.890000000000000000e+02 1.060000000000000000e+03 1.128000000000000000e+03 1.228000000000000000e+03 8.290000000000000000e+02 5.920000000000000000e+02 6.490000000000000000e+02 3.960000000000000000e+02
1.365000000000000000e+03 5.490000000000000000e+02 1.066000000000000000e+03 4.990000000000000000e+02 3.250000000000000000e+02 1.755000000000000000e+03 1.355000000000000000e+03 1.119000000000000000e+03 1.493000000000000000e+03 9.830000000000000000e+02
