1.515000000000000000e+03 5.720000000000000000e+02 1.079000000000000000e+03 1.610000000000000000e+02 5.600000000000000000e+02 1.765000000000000000e+03 1.365000000000000000e+03 1.128000000000000000e+03 1.675000000000000000e+03 9.950000000000000000e+02
1.802000000000000000e+03 8.010000000000000000e+02 1.346000000000000000e+03 6.340000000000000000e+02 1.520000000000000000e+02 2.052000000000000000e+03 1.653000000000000000e+03 1.416000000000000000e+03 1.714000000000000000e+03 1.240000000000000000e+03
6.760000000000000000e+02 1.740000000000000000e+02 3.770000000000000000e+02 9.830000000000000000e+02 1.083000000000000000e+03 1.459000000000000000e+03 1.060000000000000000e+03 8.230000000000000000e+02 8.200000000000000000e+02 3.100000000000000000e+02
8.520000000000000000e+02 2.010000000000000000e+02 6.270000000000000000e+02 7.760000000000000000e+02 8.690000000000000000e+02 1.692000000000000000e+03 1.292000000000000000e+03 1.056000000000000000e+03 9.220000000000000000e+02 4.480000000000000000e+02
3.650000000000000000e+02 6.400000000000000000e+02 4.280000000000000000e+02 1.508000000000000000e+03 1.375000000000000000e+03 1.620000000000000000e+03 1.121000000000000000e+03 9.990000000000000000e+02 4.350000000000000000e+02 1.300000000000000000e+02
1.291000000000000000e+03 1.539000000000000000e+03 1.241000000000000000e+03 1.503000000000000000e+03 1.961000000000000000e+03 5.160000000000000000e+02 7.180000000000000000e+02 7.640000000000000000e+02 1.357000000000000000e+03 1.447000000000000000e+03
3.250000000000000000e+02 1.041000000000000000e+03 5.830000000000000000e+02 1.671000000000000000e+03 1.789000000000000000e+03 1.213000000000000000e+03 8.450000000000000000e+02 1.056000000000000000e+03 1.950000000000000000e+02 5.100000000000000000e+02
1.707000000000000000e+03 8.630000000000000000e+02 1.481000000000000000e+03 7.490000000000000000e+02 1.910000000000000000e+02 2.167000000000000000e+03 1.768000000000000000e+03 1.531000000000000000e+03 1.776000000000000000e+03 1.303000000000000000e+03
1.640000000000000000e+02 1.014000000000000000e+03 4.320000000000000000e+02 1.396000000000000000e+03 1.638000000000000000e+03 1.168000000000000000e+03 6.690000000000000000e+02 5.350000000000000000e+02 2.370000000000000000e+02 5.510000000000000000e+02
5.500000000000000000e+02 1.049000000000000000e+03 5.900000000000000000e+02 1.013000000000000000e+03 1.471000000000000000e+03 7.750000000000000000e+02 3.750000000000000000e+02 1.390000000000000000e+02 6.160000000000000000e+02 7.960000000000000000e+02
